b_still_running 1
i_number_of_loops_checkpoint 0
i_times_lowest_mean_square_error_to_large 100
i_equal_square_errors 10346451
d_mean_square_error 2147483647
d_previous_mean_square_error 0
i_number_of_loops 0
d_lowest_mean_square_error 2147483647
d_row_distance_threshold 0.69999999999999996
d_neuron_distance_threshold 0.20000000000000001
d_neuron_or_layer_threshold 0
i_current_position_in_input_file 10349008
i_current_position_in_output_file 0
s_network_file_name recurrentNetwork_2
17
1
number_weights_in_layers
2
33
6

2
3
1
1
-0.229095458984375 
0.34942626953125 
0.68438720703125 
0.555938720703125 
1
-0.181671142578125 
1
0 
4
0.438690185546875 -0.3131103515625 -0.767913818359375 0.141204833984375 

1
1
0.577301025390625 
0.272705078125 
-0.1876220703125 
-0.47265625 
1
-0.826141357421875 
1
0 
4
0.635162353515625 0.243194580078125 -0.342041015625 0.700958251953125 

1
1
-0.212310791015625 
-0.224334716796875 
-0.198394775390625 
0.3828125 
1
-0.295928955078125 
1
0 
4
0.009521484375 0.60455322265625 0.064605712890625 0.791717529296875 

layer_0
2
0
3
0.321014404296875 -0.667510986328125 0.3782958984375 
3
3 4 6 
1
0.39959716796875 

0
3
0.0048828125 0.41766357421875 -0.06732177734375 
3
3 4 6 
1
-0.601654052734375 

layer_1


GPUWeights
39
-0.229095458984375
1
0.577301025390625
1
-0.212310791015625
1
0.34942626953125
1
0.272705078125
1
-0.224334716796875
1
0.68438720703125
1
-0.1876220703125
1
-0.198394775390625
1
0.555938720703125
1
-0.47265625
1
0.3828125
1
1
1
1
1
1
1
1
1
1
0.321014404296875
-0.667510986328125
0.3782958984375
0.0048828125
0.41766357421875
-0.06732177734375


deltas
89
0
0
0
0
0
0
0
0
0
0
0
0
0
0
0
0
0
0
0
0
0
0
0
0
0
0
0
0
0
0
0
0
0
0
0
0
0
0
0
0
0
0
0
0
0
0
0
0
0
0
0
0
0
0
0
0
0
0
0
0
0
0
0
0
0
0
0
0
0
0
0
0
0
0
0
0
0
0
0
0
0
0
0
0
0
0
0
0
0


GPU_Values
126
8
0.2239506966684883
0.99787544275945961
0.93299190935070253
0.96522054185925099
0.99229741733311005
0.2799876042814744
0.99133703866169254
0.1013970513840398
0.90604538822832448
0.94678509782460085
0.51369799500084645
0.45166120893579603
0
0
0
0
0
0
0
0
0
0
0
0
0
0
0
0
0
0
0
0
0
0
0
0
0
0
0
0
0
0
0
0
0
0
0
0
0
0
0
0
0
0
0
0
0
0
0
0
0
0
0
0
0
0
0
0
0
0
0
0
0
0
0
0
0
0
0
0
0
0
0
0
0
0
0
0
0
0
0
0
0
0
0
0
0
0
0
0
0
0
0
0
0
0
0
0
0
0
0
0
0
0
0
0
0
0
0
0
0
0
0
0
0


GPUPrevious_Values
17
0
0
0
0
0
0
0
0
0
0
0
0
0
0
0
0
0


GPUPreviousWeights
39
0
0
0
0
0
0
0
0
0
0
0
0
0
0
0
0
0
0
0
0
0
0
0
0
0
0
0
0
0
0
0
0
0
0
0
0
0
0
0


(from,to)
39
0 1
13 1
0 2
13 2
0 3
16 3
0 4
13 4
0 5
14 5
0 6
16 6
0 7
13 7
0 8
14 8
0 9
16 9
0 10
13 10
0 11
13 11
0 12
16 12
1 13
7 13
10 13
2 14
8 14
11 14
3 15
9 15
12 15
21 16
22 16
24 16
21 17
22 17
24 17


SumOrder
18
24 27 33 35 34 36 25 28 26 29 1 3 7 13 19 21 9 15 
count_orders
18
1 2 4 4 5 5 7 8 10 11 13 13 13 13 13 13 14 14 


GPU_BIAS
17
0.438690185546875 0.635162353515625 0.009521484375 -0.3131103515625 0.243194580078125 0.60455322265625 -0.767913818359375 -0.342041015625 0.064605712890625 0.141204833984375 0.700958251953125 0.791717529296875 0 0 0 0.39959716796875 -0.601654052734375 


Prev_GPU_BIAS
17
0 0 0 0 0 0 0 0 0 0 0 0 0 0 0 0 0 


