b_still_running 1
i_number_of_loops_checkpoint 1000
i_times_lowest_mean_square_error_to_large 100
i_equal_square_errors 6808851
d_mean_square_error 2147483647
d_previous_mean_square_error 0
i_number_of_loops 0
d_lowest_mean_square_error 2147483647
d_row_distance_threshold 0.69999999999999996
d_neuron_distance_threshold 0.20000000000000001
d_neuron_or_layer_threshold 0
i_current_position_in_input_file 6811408
i_current_position_in_output_file 0
s_network_file_name recurrentNetwork_2
62
1
number_weights_in_layers
2
132
24

2
12

1
1
0.063934326171875 
0.177490234375 
0.55609130859375 
-0.4974365234375 
1
0.23223876953125 
1
0 
4
-0.17572021484375 0.53082275390625 0.392333984375 0.49652099609375 

1
1
0.533355712890625 
-0.27923583984375 
-0.234954833984375 
0.33697509765625 
1
0.043792724609375 
1
0 
4
0.62200927734375 0.629791259765625 0.50994873046875 0.176300048828125 

1
1
-0.301483154296875 
0.34954833984375 
0.782684326171875 
-0.573211669921875 
1
-0.045135498046875 
1
0 
4
0.137451171875 -0.415771484375 -0.483673095703125 0.185211181640625 

1
1
-0.062896728515625 
0.315826416015625 
0.4527587890625 
0.63214111328125 
1
-0.210357666015625 
1
0 
4
-0.714202880859375 0.16180419921875 -0.250823974609375 0.25653076171875 

1
1
0.10137939453125 
-0.693145751953125 
0.002166748046875 
0.389434814453125 
1
-0.17510986328125 
1
0 
4
0.68109130859375 0.326202392578125 0.204864501953125 -0.216278076171875 

1
1
0.51605224609375 
-0.2247314453125 
-0.015655517578125 
-0.6087646484375 
1
0.17071533203125 
1
0 
4
-0.45330810546875 0.276824951171875 0.843475341796875 0.043060302734375 

1
1
0.307830810546875 
0.322601318359375 
-0.564361572265625 
0.790985107421875 
1
0.0418701171875 
1
0 
4
0.671722412109375 -0.493408203125 0.0870361328125 -0.075531005859375 

1
1
0.163330078125 
0.0135498046875 
0.71881103515625 
0.186614990234375 
1
0.124908447265625 
1
0 
4
0.247222900390625 0.336273193359375 0.04461669921875 0.724273681640625 

1
1
0.37591552734375 
-0.42999267578125 
-0.21844482421875 
0.633819580078125 
1
-0.15399169921875 
1
0 
4
0.731109619140625 -0.53656005859375 -0.09356689453125 0.824371337890625 

1
1
-0.815093994140625 
-0.516204833984375 
-0.689361572265625 
-0.3759765625 
1
-0.457916259765625 
1
0 
4
0.058197021484375 -0.62200927734375 -0.01910400390625 0.072265625 

1
1
-0.51751708984375 
-0.0213623046875 
0.378692626953125 
0.159759521484375 
1
0.147064208984375 
1
0 
4
-0.296478271484375 0.240875244140625 0.008331298828125 -0.437042236328125 

1
1
0.12713623046875 
0.2275390625 
0.03466796875 
0.3216552734375 
1
-0.227996826171875 
1
0 
4
0.122314453125 -0.56805419921875 0.417572021484375 0.4671630859375 

layer_0
2

0
12
-0.180450439453125 -0.0914306640625 0.6829833984375 0.00286865234375 0.503875732421875 -0.70819091796875 -0.143646240234375 -0.40283203125 -0.02044677734375 0.03997802734375 -0.025146484375 0.171905517578125 
12
4 5 6 10 11 12 16 17 18 22 23 24 
1
0.116546630859375 

0
12
-0.480072021484375 0.61553955078125 0.24200439453125 -0.465911865234375 0.83709716796875 0.5599365234375 -0.376007080078125 0.140289306640625 0.24993896484375 -0.11767578125 0.72540283203125 -0.5048828125 
12
4 5 6 10 11 12 16 17 18 22 23 24 
1
-0.026214599609375 

layer_1


GPUWeights
156
27.272338284283013
1
40.740124354835679
1
1.4906467297385853
1
14.937108013655433
1
28.301362254041884
1
41.916038377506929
1
3.3078294552767633
1
16.363346979464122
1
29.775916450368133
1
29.984906006473881
1
2.2824812230911
1
12.527144792120797
1
33.634199042580249
1
32.94353461406839
1
9.6667957991001288
1
22.115598294991855
1
34.307421137234279
1
33.965210704859643
1
10.121135890376912
1
23.011797059013333
1
35.77025080830407
1
32.683812160508019
1
5.9856287188940973
1
15.030009351972245
1
27.179985763005035
1
39.797703249864192
1
16.176569342894282
1
29.052764921535989
1
27.80214729535874
1
40.984424025861941
1
16.035637253944767
1
30.518812438517525
1
28.781559483503756
1
34.910638429747571
1
7.9786835040438486
1
17.234679449137154
1
33.121869722536445
1
46.966849090938233
1
21.621665182470977
1
22.032145156766198
1
34.989399335338867
1
47.191238955260268
1
24.190984891144204
1
18.986625945232944
1
29.033819798865874
1
37.624023485739485
1
0.15968204068628036
1
0.32165655699806145
1
1
1
1
1
1
1
1
1
1
1
1
1
1
1
1
1
1
1
1
1
1
1
1
1
1
1
1
1
1
1
1
1
1
1
1
1
-0.76309689761510557
-1.009209112328272
0.099922077898089393
0.72190870586571543
1.2053535668087199
-0.021120089983813907
-0.87531925830277157
0.17143562094659123
0.63307921416799517
0.36296388991128509
-2.1618596410357367
-0.57204166080482577
-1.6401650893393316
-0.096869346832815784
1.9308325960426227
-1.1700200649023416
0.1084500909960984
-0.13549995877511173
0.5776700436443053
-0.42757054373220005
-0.4149915015350692
-0.45669879680869324
3.3729626665441685
0.41400671068750433


deltas
434
0
0
0
0
0
0
0
0
0
0
0
0
0
0
0
0
0
0
0
0
0
0
0
0
0
0
0
0
0
0
0
0
0
0
0
0
0
0
0
0
0
0
0
0
0
0
0
0
0
0
0
0
0
0
0
0
0
0
0
0
0
0
0
0
0
0
0
0
0
0
0
0
0
0
0
0
0
0
0
0
0
0
0
0
0
0
0
0
0
0
0
0
0
0
0
0
0
0
0
0
0
0
0
0
0
0
0
0
0
0
0
0
0
0
0
0
0
0
0
0
0
0
0
0
0
0
0
0
0
0
0
0
0
0
0
0
0
0
0
0
0
0
0
0
0
0
0
0
0
0
0
0
0
0
0
0
0
0
0
0
0
0
0
0
0
0
0
0
0
0
0
0
0
0
0
0
0
0
0
0
0
0
0
0
0
0
0
0
0
0
0
0
0
0
0
0
0
0
0
0
0
0
0
0
0
0
0
0
0
0
0
0
0
0
0
0
0
0
0
0
0
0
0
0
0
0
0
0
0
0
0
0
0
0
0
0
0
0
0
0
0
0
0
0
0
0
0
0
0
0
0
0
0
0
0
0
0
0
0
0
0
0
0
0
0
0
0
0
0
0
0
0
0
0
0
0
0
0
0
0
0
0
0
0
0
0
0
0
0
0
0
0
0
0
0
0
0
0
0
0
0
0
0
0
0
0
0
0
0
0
0
0
0
0
0
0
0
0
0
0
0
0
0
0
0
0
0
0
0
0
0
0
0
0
0
0
0
0
0
0
0
0
0
0
0
0
0
0
0
0
0
0
0
0
0
0
0
0
0
0
0
0
0
0
0
0
0
0
0
0
0
0
0
0
0
0
0
0
0
0
0
0
0
0
0
0
0
0
0
0
0
0
0
0
0
0
0
0
0
0
0
0
0
0
0
0
0
0
0
0
0
0
0
0
0
0
0
0
0
0
0
0
0
0
0
0
0
0
0
0
0
0
0
0


GPU_Values
441
10
0
0
0
0
0
0
0
0
0
0
0
0
0
0
0
0
0
0
0
0
0
0
0
0
0
0
0
0
0
0
0
0
0
0
0
0
0
0
0
0
0
0
0
0
0
0
0
0
0
0
0
0
0
0
0
0
0
0
0
0
0
0
11
1
1
0.99999979526854466
1
1
1
0.99999999999999845
1
1
1
0.99999999987571275
1
1
1
1
1
1
1
1
1
1
1
1
1
1
1
1
1
1
1
1
1
1
1
1
1
1
1
1
1
1
1
1
1
1
1
0.76130686497534861
0.97548689334127792
0.5
0.5
0.5
0.5
0.5
0.5
0.5
0.5
0.5
0.5
0.5
0.5
0.43491583892022456
0.67230076232383496
12
1
1
0.99999997203223512
1
1
1
1
1
1
1
0.9999999999923086
1
1
1
1
1
1
1
1
1
1
1
1
1
1
1
1
1
1
1
1
1
1
1
1
1
1
1
1
1
1
1
1
1
1
1
0.86051089552200311
0.98907142187735209
0.95257412682243336
0.95257412682243336
0.9525741175733492
0.95257412682243336
0.95257412682243336
0.95257412682243336
0.95257412682243314
0.95257412682243336
0.95257412682243336
0.95257412682243336
0.94054875180670594
0.9514543397001155
0.43491583892022456
0.67230076232383496
13
1
1
0.9999999959938457
1
1
1
1
1
1
1
0.99999999999949485
1
1
1
1
1
1
1
1
1
1
1
1
1
1
1
1
1
1
1
1
1
1
1
1
1
1
1
1
1
1
1
1
1
1
1
0.91832253794026009
0.99492578461826719
0.95257412682243336
0.95257412682243336
0.95257412555894305
0.95257412682243336
0.95257412682243336
0.95257412682243336
0.95257412682243336
0.95257412682243336
0.95257412682243336
0.95257412682243336
0.94585946809846544
0.95207796107380627
0.43491583892022456
0.67230076232383496
14
1
1
0.99999999909770598
1
1
1
1
1
1
1
0.99999999999994871
1
1
1
1
1
1
1
1
1
1
1
1
1
1
1
1
1
1
1
1
1
1
1
1
1
1
1
1
1
1
1
1
1
1
1
0.92987451277549005
0.99631860896677116
0.95257412682243336
0.95257412682243336
0.95257412664144847
0.95257412682243336
0.95257412682243336
0.95257412682243336
0.95257412682243336
0.95257412682243336
0.95257412682243336
0.95257412682243336
0.94874478864178358
0.95234436357192842
0.43491583892022456
0.67230076232383496
14
1
1
0.999999999796779
1
1
1
1
1
1
1
0.99999999999999489
1
1
1
1
1
1
1
1
1
1
1
1
1
1
1
1
1
1
1
1
1
1
1
1
1
1
1
1
1
1
1
1
1
1
1
0.93976242030656321
0.99732919073708137
0.95257412682243336
0.95257412682243336
0.95257412678167053
0.95257412682243336
0.95257412682243336
0.95257412682243336
0.95257412682243336
0.95257412682243336
0.95257412682243336
0.95257412682243336
0.94930363618063918
0.95240753650401533
0.43491583892022456
0.67230076232383496
0
0
0
0
0
0
0
0
0
0
0
0
0
0
0
0
0
0
0
0
0
0
0
0
0
0
0
0
0
0
0
0
0
0
0
0
0
0
0
0
0
0
0
0
0
0
0
0
0
0
0
0
0
0
0
0
0
0
0
0
0
0
0


GPUPrevious_Values
62
0
0
0
0
0
0
0
0
0
0
0
0
0
0
0
0
0
0
0
0
0
0
0
0
0
0
0
0
0
0
0
0
0
0
0
0
0
0
0
0
0
0
0
0
0
0
0
0
0
0
0
0
0
0
0
0
0
0
0
0
0
0


GPUPreviousWeights
156
0
0
0
0
0
0
0
0
0
0
0
0
0
0
0
0
0
0
0
0
0
0
0
0
0
0
0
0
0
0
0
0
0
0
0
0
0
0
0
0
0
0
0
0
0
0
0
0
0
0
0
0
0
0
0
0
0
0
0
0
0
0
0
0
0
0
0
0
0
0
0
0
0
0
0
0
0
0
0
0
0
0
0
0
0
0
0
0
0
0
0
0
0
0
0
0
0
0
0
0
0
0
0
0
0
0
0
0
0
0
0
0
0
0
0
0
0
0
0
0
0
0
0
0
0
0
0
0
0
0
0
0
0.007131294260916579
0.007131294260916579
0.007131294260916579
0.007131294260916579
0.007131294260916579
0.007131294260916579
0.007131294260916579
0.007131294260916579
0.007131294260916579
0.007131294260916579
0.007131294260916579
0.007131294260916579
0.0011443452953008308
0.0011443452953008308
0.0011443452953008308
0.0011443452953008308
0.0011443452953008308
0.0011443452953008308
0.0011443452953008308
0.0011443452953008308
0.0011443452953008308
0.0011443452953008308
0.0011443452953008308
0.0011443452953008308


(from,to)
156
0 1
49 1
0 2
50 2
0 3
51 3
0 4
52 4
0 5
53 5
0 6
54 6
0 7
55 7
0 8
56 8
0 9
57 9
0 10
58 10
0 11
59 11
0 12
60 12
0 13
49 13
0 14
50 14
0 15
51 15
0 16
52 16
0 17
53 17
0 18
54 18
0 19
55 19
0 20
56 20
0 21
57 21
0 22
58 22
0 23
59 23
0 24
60 24
0 25
49 25
0 26
50 26
0 27
51 27
0 28
52 28
0 29
53 29
0 30
54 30
0 31
55 31
0 32
56 32
0 33
57 33
0 34
58 34
0 35
59 35
0 36
60 36
0 37
49 37
0 38
50 38
0 39
51 39
0 40
52 40
0 41
53 41
0 42
54 42
0 43
55 43
0 44
56 44
0 45
57 45
0 46
58 46
0 47
59 47
0 48
60 48
1 49
25 49
37 49
2 50
26 50
38 50
3 51
27 51
39 51
4 52
28 52
40 52
5 53
29 53
41 53
6 54
30 54
42 54
7 55
31 55
43 55
8 56
32 56
44 56
9 57
33 57
45 57
10 58
34 58
46 58
11 59
35 59
47 59
12 60
36 60
48 60
76 61
77 61
78 61
79 61
80 61
81 61
82 61
83 61
84 61
85 61
86 61
87 61
76 62
77 62
78 62
79 62
80 62
81 62
82 62
83 62
84 62
85 62
86 62
87 62


SumOrder
108
96 99 102 105 108 111 114 117 120 123 126 129 132 144 133 145 134 146 135 147 136 148 137 149 138 150 139 151 140 152 141 153 142 154 143 155 97 100 103 106 109 112 115 118 121 124 127 130 98 101 104 107 110 113 116 119 122 125 128 131 1 25 49 73 3 27 51 75 5 29 53 77 7 31 55 79 9 33 57 81 11 35 59 83 13 37 61 85 15 39 63 87 17 41 65 89 19 43 67 91 21 45 69 93 23 47 71 95 
count_orders
108
1 2 3 4 5 6 7 8 9 10 11 12 13 13 14 14 15 15 16 16 17 17 18 18 19 19 20 20 21 21 22 22 23 23 24 24 25 26 27 28 29 30 31 32 33 34 35 36 37 38 39 40 41 42 43 44 45 46 47 48 49 49 49 49 50 50 50 50 51 51 51 51 52 52 52 52 53 53 53 53 54 54 54 54 55 55 55 55 56 56 56 56 57 57 57 57 58 58 58 58 59 59 59 59 60 60 60 60 


GPU_BIAS
62
4.310453878317043 7.2423062182839004 0.49509918775248568 1.8057985101394527 5.3610732779503785 6.3866996713547897 1.0717221677599638 2.3272258794301499 4.4911097868318866 3.1381970215453303 -0.016386722822006476 1.3623153125904843 4.9468765911959753 3.6318790868293718 0.66012782274959458 4.8984614516245468 5.3319887247425832 4.5985549884643975 0.50617910340619598 3.5508211139428929 4.3730253205128724 2.8474355943761576 -1.4824437918075337 0.78030147548894269 4.5289996319649912 6.8379658715400957 2.3539342360159043 4.7491760352764629 4.5648412515084509 7.3634955818233729 2.7270359097655663 4.3646169597862521 3.106433888043401 3.5408959962937225 0.7684098297504115 2.1375731817722929 4.9799375247113682 6.8017667858639133 5.1831476475505767 4.6165291512041566 3.9436789759234792 5.8830442898990025 3.6844689557333967 2.6042756288434745 3.6643713779721074 3.8722656298311384 -0.43696266423831537 0.46716321398587601 0 0 0 0 0 0 0 0 0 0 0 0 2.0388682707709904 -1.3286207431879453 


Prev_GPU_BIAS
62
0 0 0 0 0 0 0 0 0 0 0 0 0 0 0 0 0 0 0 0 0 0 0 0 0 0 0 0 0 0 0 0 0 0 0 0 0 0 0 0 0 0 0 0 0 0 0 0 0 0 0 0 0 0 0 0 0 0 0 0 0.007131294260916579 0.0011443452953008308 


