b_still_running 1
i_number_of_loops_checkpoint 0
i_times_lowest_mean_square_error_to_large 100
i_equal_square_errors 16507523
d_mean_square_error 2147483647
d_previous_mean_square_error 0
i_number_of_loops 0
d_lowest_mean_square_error 2147483647
d_row_distance_threshold 0.69999999999999996
d_neuron_distance_threshold 0.20000000000000001
d_neuron_or_layer_threshold 0
i_current_position_in_input_file 16510080
i_current_position_in_output_file 0
s_network_file_name recurrentNetwork_2
27
2
number_weights_in_layers
2
75
10

2
5
1
2
-0.091583251953125 -0.603515625 
0.07781982421875 0.18377685546875 
-0.16217041015625 0.522552490234375 
-0.0645751953125 0.489166259765625 
1
0.4725341796875 
2
0 1 
4
-0.7847900390625 -0.12030029296875 0.045074462890625 -0.66192626953125 

1
2
-0.2236328125 0.418609619140625 
-0.316192626953125 0.12384033203125 
0.019012451171875 -0.270599365234375 
-0.682952880859375 -0.22882080078125 
1
0.484527587890625 
2
0 1 
4
0.86358642578125 0.6602783203125 -0.844512939453125 0.304290771484375 

1
2
-0.0989990234375 -0.02984619140625 
-0.1995849609375 -0.18768310546875 
-0.274200439453125 0.6502685546875 
-0.080291748046875 0.409210205078125 
1
-0.241363525390625 
2
0 1 
4
0.211090087890625 0.312469482421875 0.450592041015625 -0.885711669921875 

1
2
0.22344970703125 0.59722900390625 
-0.2889404296875 0.1805419921875 
-0.175018310546875 -0.187774658203125 
-0.603485107421875 -0.5479736328125 
1
0.38946533203125 
2
0 1 
4
0.443267822265625 0.22552490234375 -0.093994140625 -0.192474365234375 

1
2
-0.21661376953125 -0.1845703125 
0.073638916015625 0.49761962890625 
-0.050537109375 -0.697845458984375 
0.84637451171875 -0.336883544921875 
1
0.05670166015625 
2
0 1 
4
0.25982666015625 0.154083251953125 0.431182861328125 0.627716064453125 

layer_0
2
0
5
-0.31658935546875 0.10296630859375 0.062255859375 -0.137939453125 0.196075439453125 
5
7 8 9 10 11 
1
0.188934326171875 

0
5
-0.105804443359375 0.1832275390625 -0.599334716796875 0.1705322265625 -0.193023681640625 
5
7 8 9 10 11 
1
0.416168212890625 

layer_1


GPUWeights
85
-0.091583251953125
-0.603515625
1
-0.2236328125
0.418609619140625
1
-0.0989990234375
-0.02984619140625
1
0.22344970703125
0.59722900390625
1
-0.21661376953125
-0.1845703125
1
0.07781982421875
0.18377685546875
1
-0.316192626953125
0.12384033203125
1
-0.1995849609375
-0.18768310546875
1
-0.2889404296875
0.1805419921875
1
0.073638916015625
0.49761962890625
1
-0.16217041015625
0.522552490234375
1
0.019012451171875
-0.270599365234375
1
-0.274200439453125
0.6502685546875
1
-0.175018310546875
-0.187774658203125
1
-0.050537109375
-0.697845458984375
1
-0.0645751953125
0.489166259765625
1
-0.682952880859375
-0.22882080078125
1
-0.080291748046875
0.409210205078125
1
-0.603485107421875
-0.5479736328125
1
0.84637451171875
-0.336883544921875
1
1
1
1
1
1
1
1
1
1
1
1
1
1
1
1
-0.31658935546875
0.10296630859375
0.062255859375
-0.137939453125
0.196075439453125
-0.105804443359375
0.1832275390625
-0.599334716796875
0.1705322265625
-0.193023681640625


deltas
189
0
0
0
0
0
0
0
0
0
0
0
0
0
0
0
0
0
0
0
0
0
0
0
0
0
0
0
0
0
0
0
0
0
0
0
0
0
0
0
0
0
0
0
0
0
0
0
0
0
0
0
0
0
0
0
0
0
0
0
0
0
0
0
0
0
0
0
0
0
0
0
0
0
0
0
0
0
0
0
0
0
0
0
0
0
0
0
0
0
0
0
0
0
0
0
0
0
0
0
0
0
0
0
0
0
0
0
0
0
0
0
0
0
0
0
0
0
0
0
0
0
0
0
0
0
0
0
0
0
0
0
0
0
0
0
0
0
0
0
0
0
0
0
0
0
0
0
0
0
0
0
0
0
0
0
0
0
0
0
0
0
0
0
0
0
0
0
0
0
0
0
0
0
0
0
0
0
0
0
0
0
0
0
0
0
0
0
0
0


GPU_Values
203
0
0
0
0
0
0
0
0
0
0
0
0
0
0
0
0
0
0
0
0
0
0
0
0
0
0
0
0
0
0
0
0
0
0
0
0
0
0
0
0
0
0
0
0
0
0
0
0
0
0
0
0
0
0
0
0
0
0
0
0
0
0
0
0
0
0
0
0
0
0
0
0
0
0
0
0
0
0
0
0
0
0
0
0
0
0
0
0
0
0
0
0
0
0
0
0
0
0
0
0
0
0
0
0
0
0
0
0
0
0
0
0
0
0
0
0
0
0
0
0
0
0
0
0
0
0
0
0
0
0
0
0
0
0
0
0
0
0
0
0
0
0
0
0
0
0
0
0
0
0
0
0
0
0
0
0
0
0
0
0
0
0
0
0
0
0
0
0
0
0
0
0
0
0
0
0
0
0
0
0
0
0
0
0
0
0
0
0
0
0
0
0
0
0
0
0
0
0
0
0
0
0
0


GPUPrevious_Values
27
0
0
0
0
0
0
0
0
0
0
0
0
0
0
0
0
0
0
0
0
0
0
0
0
0
0
0


GPUPreviousWeights
85
0
0
0
0
0
0
0
0
0
0
0
0
0
0
0
0
0
0
0
0
0
0
0
0
0
0
0
0
0
0
0
0
0
0
0
0
0
0
0
0
0
0
0
0
0
0
0
0
0
0
0
0
0
0
0
0
0
0
0
0
0
0
0
0
0
0
0
0
0
0
0
0
0
0
0
0
0
0
0
0
0
0
0
0
0


(from,to)
85
0 2
1 2
22 2
0 3
1 3
23 3
0 4
1 4
24 4
0 5
1 5
25 5
0 6
1 6
26 6
0 7
1 7
22 7
0 8
1 8
23 8
0 9
1 9
24 9
0 10
1 10
25 10
0 11
1 11
26 11
0 12
1 12
22 12
0 13
1 13
23 13
0 14
1 14
24 14
0 15
1 15
25 15
0 16
1 16
26 16
0 17
1 17
22 17
0 18
1 18
23 18
0 19
1 19
24 19
0 20
1 20
25 20
0 21
1 21
26 21
2 22
12 22
17 22
3 23
13 23
18 23
4 24
14 24
19 24
5 25
15 25
20 25
6 26
16 26
21 26
36 27
37 27
38 27
39 27
40 27
36 28
37 28
38 28
39 28
40 28


SumOrder
45
60 63 66 69 72 75 80 76 81 77 82 78 83 79 84 61 64 67 70 73 62 65 68 71 74 2 17 32 47 5 20 35 50 8 23 38 53 11 26 41 56 14 29 44 59 
count_orders
45
2 3 4 5 6 7 7 8 8 9 9 10 10 11 11 12 13 14 15 16 17 18 19 20 21 22 22 22 22 23 23 23 23 24 24 24 24 25 25 25 25 26 26 26 26 


GPU_BIAS
27
-0.7847900390625 0.86358642578125 0.211090087890625 0.443267822265625 0.25982666015625 -0.12030029296875 0.6602783203125 0.312469482421875 0.22552490234375 0.154083251953125 0.045074462890625 -0.844512939453125 0.450592041015625 -0.093994140625 0.431182861328125 -0.66192626953125 0.304290771484375 -0.885711669921875 -0.192474365234375 0.627716064453125 0 0 0 0 0 0.188934326171875 0.416168212890625 


Prev_GPU_BIAS
27
0 0 0 0 0 0 0 0 0 0 0 0 0 0 0 0 0 0 0 0 0 0 0 0 0 0 0 


