b_still_running 1
i_number_of_loops_checkpoint 0
i_times_lowest_mean_square_error_to_large 100
i_equal_square_errors 3729872
d_mean_square_error 2147483647
d_previous_mean_square_error 0
i_number_of_loops 0
d_lowest_mean_square_error 2147483647
d_row_distance_threshold 0.69999999999999996
d_neuron_distance_threshold 0.20000000000000001
d_neuron_or_layer_threshold 0
i_current_position_in_input_file 3731008
i_current_position_in_output_file 0
s_network_file_name recurrentNetwork_2
7
1
number_weights_in_layers
2
4
2

2
1
1
1
-0.1678466796875 
-0.600616455078125 
-0.25164794921875 
-0.212310791015625 
1
-0.302886962890625 
1
0 
4
0.554168701171875 0.117584228515625 -0.243896484375 -0.18804931640625 

layer_0
2
0
1
0.092315673828125 
1
2 
1
0.32757568359375 

0
1
-0.759307861328125 
1
2 
1
0.1993408203125 

layer_1


GPUWeights
12
-0.1678466796875
-0.600616455078125
1
-0.25164794921875
1
-0.212310791015625
1
1
1
1
0.092315673828125
-0.759307861328125


deltas
49
0.012716233599347353
0.0096734796470222088
0.012716233599347353
0.012716233599347353
0.010905645772389441
0.072000000000000008
-0.0090000000000000011
0.00060710864249548854
-0.020746961851308469
0.00062931932955388324
-0.0050537480904068437
0.1412914844371928
0.076943503420854653
-0.13219936331037785
-0.00016432799631467028
0.58415401965478719
-0.00016438162793465659
-0.00016489148365295874
0.0025268740452034219
-0.11907083608146658
0.097946559782574757
0
0.010828778696773594
0
0
-0.00066540394813172131
-0.11898671255514692
0.11375447184044149
0
-0.008448778797807718
0
0
0
-0.11873216906176404
-0.080267576361221657
0
0
0
0
0
0.075499876959622958
0.066772038313066245
0
0
0
0
0
0
0


GPU_Values
56
0
0.10000000000000001
0.10000000000000001
0.10000000000000001
0.10000000000000001
0.10000000000000001
0.10000000000000001
0.10000000000000001
1
0.63510221963426583
0.5541824627145524
0.46408782458362985
0.45312572236902932
0.59868766011245211
0.58341475815962329
0.530813411020151
2
0.59539698819150577
0.52888167169410705
0.52576297067736733
0.40122582328539697
0.8957625060914326
0.59356806328836775
0.44486158746316945
3
0.55440261431453031
0.45316614943960526
0.53707436044621337
0.3514501708875275
0.9182007736198462
0.59300447414177593
0.44961083810232966
4
0.51265446258482894
0.31733107781428621
0.47985102783853362
0.3047072099243196
0.91381467897821045
0.59131641126807988
0.4638751054495337
4
0.47072900337928264
0.20244752530452653
0.4166177244480348
0.26167274937771762
0.90123541170791466
0.58828261522251524
0.48959871033748259
0
0
0
0
0
0
0
0


GPUPrevious_Values
7
0.1412914844371928
0.10748310718913563
0.1412914844371928
0.1412914844371928
0.12117384191543822
0
0


GPUPreviousWeights
12
0
0
0
0
0
0
0
0
0
0
0
0


(from,to)
12
0 1
0 2
5 2
0 3
5 3
0 4
1 5
3 5
4 5
5 5
2 6
2 7


SumOrder
8
6 10 11 7 8 2 4 9 
count_orders
8
1 2 2 3 4 5 5 5 


GPU_BIAS
7
0.554168701171875 0.117584228515625 -0.243896484375 -0.18804931640625 0 0.32757568359375 0.1993408203125 


Prev_GPU_BIAS
7
0 0 0 0 0 0 0 


