3
66
2 32
0.10000000000000001000000000000000000000000 0.20000000000000001000000000000000000000000
/
2
1
0.153656005859375000000000000000000000000 / -0.9190673828125000000000000000000000000
-0.376617431640625000000000000000000000000 / 0.66522216796875000000000000000000000000
/
32
2
-0.23786354412812097000000000000000000000000 -0.06051305212706215000000000000000000000000 / -0.22450497674896505000000000000000000000000
0.18056255852158598000000000000000000000000 -0.47893925786014252000000000000000000000000 / 0.19392225588382514000000000000000000000000
-0.58774721057121426000000000000000000000000 0.28937070629857842000000000000000000000000 / -0.57438965148956167000000000000000000000000
-0.10303660598390385000000000000000000000000 -0.19533992055255209000000000000000000000000 / -0.089678802849940259000000000000000000000000
-0.43281005922673504000000000000000000000000 0.13443340628223399000000000000000000000000 / -0.41945087042859047000000000000000000000000
0.039755286646359758000000000000000000000000 -0.33813177692164126000000000000000000000000 / 0.053112692291358163000000000000000000000000
-0.10786142595178692000000000000000000000000 -0.1905158636673184000000000000000000000000 / -0.094495258028075055000000000000000000000000
-0.41557724531059986000000000000000000000000 0.11720073150901006000000000000000000000000 / -0.40221958177410394000000000000000000000000
-0.43062246280907035000000000000000000000000 0.13224593609570576000000000000000000000000 / -0.41726465773585353000000000000000000000000
-0.48907509085926937000000000000000000000000 0.19069823976058015000000000000000000000000 / -0.47571372992705763000000000000000000000000
0.13813364635161024000000000000000000000000 -0.43651017164921091000000000000000000000000 / 0.15149143590544772000000000000000000000000
-0.069009652955453693000000000000000000000000 -0.22936691034315126000000000000000000000000 / -0.055651446840858015000000000000000000000000
0.065898351046537934000000000000000000000000 -0.36427492346479945000000000000000000000000 / 0.079256657129284411000000000000000000000000
0.0099903209062020271000000000000000000000000 -0.30836684994031299000000000000000000000000 / 0.0233481514190521000000000000000000000000
0.67671803779179551000000000000000000000000 -0.97509456304822739000000000000000000000000 / 0.69007582689435887000000000000000000000000
-0.025593177243050456000000000000000000000000 -0.27278335230657869000000000000000000000000 / -0.012235341079142746000000000000000000000000
0.06113769139464912000000000000000000000000 -0.35951424311317581000000000000000000000000 / 0.074495770570280062000000000000000000000000
-0.50273557705456962000000000000000000000000 0.20435903099564734000000000000000000000000 / -0.48937755991857024000000000000000000000000
-0.40695107025504645000000000000000000000000 0.10857452459519132000000000000000000000000 / -0.39359305749353157000000000000000000000000
-0.58081992027777729000000000000000000000000 0.28244336586042645000000000000000000000000 / -0.56746181151806396000000000000000000000000
0.011475325874400468000000000000000000000000 -0.30985190101361809000000000000000000000000 / 0.024833661783811016000000000000000000000000
-0.23606263513808035000000000000000000000000 -0.062313867850309346000000000000000000000000 / -0.22270509013413756000000000000000000000000
0.025920062981233682000000000000000000000000 -0.32429670078784117000000000000000000000000 / 0.039279085840285555000000000000000000000000
0.0064805965955444748000000000000000000000000 -0.30485717649801136000000000000000000000000 / 0.019838984718930797000000000000000000000000
0.07006951598978757000000000000000000000000 -0.36844598074909835000000000000000000000000 / 0.083426641932949616000000000000000000000000
-0.11472536869598883000000000000000000000000 -0.18365129083599621000000000000000000000000 / -0.10136610768691694000000000000000000000000
-0.17097913990749625000000000000000000000000 -0.12739744493723379000000000000000000000000 / -0.15762069760785308000000000000000000000000
-0.28277511843018888000000000000000000000000 -0.015601445679787707000000000000000000000000 / -0.2694169034214709000000000000000000000000
7.6794363913946251000000000000000000000000 -3.2618882504192843000000000000000000000000 / -11.134745051970185000000000000000000000000
5.9430739787240618000000000000000000000000 -0.075559034605641159000000000000000000000000 / -6.1859914117672847000000000000000000000000
0.23542018774502296000000000000000000000000 0.70280108399191099000000000000000000000000 / -1.0229755490655859000000000000000000000000
0.63130085965107552000000000000000000000000 1.2667770040513515000000000000000000000000 / 1.3728723846346136000000000000000000000000
/
32
32
0.92761370158202283000000000000000000000000 -0.072386304521691272000000000000000000000000 -0.072386292971551927000000000000000000000000 -0.072386294289826542000000000000000000000000 -0.072386301774633871000000000000000000000000 -0.072386292142747125000000000000000000000000 -0.072386339473005198000000000000000000000000 -0.072386293535777496000000000000000000000000 -0.072386294300302453000000000000000000000000 -0.072386313507624631000000000000000000000000 -0.072386294216472719000000000000000000000000 -0.072386296466566885000000000000000000000000 -0.072386297006557715000000000000000000000000 -0.072386294437718393000000000000000000000000 -0.07238629421403564000000000000000000000000 -0.072386294468240908000000000000000000000000 -0.072386295780894061000000000000000000000000 -0.072386295445781679000000000000000000000000 -0.072386295422152733000000000000000000000000 -0.072386295940695247000000000000000000000000 -0.072386297167667576000000000000000000000000 -0.072386292895511267000000000000000000000000 -0.072386300878295215000000000000000000000000 -0.072386297449708703000000000000000000000000 -0.072386290631908476000000000000000000000000 -0.07238630216468693000000000000000000000000 -0.072386297742344258000000000000000000000000 -0.072386296514613813000000000000000000000000 -0.052770917661677408000000000000000000000000 -0.040363289915055278000000000000000000000000 -0.54792344242695667000000000000000000000000 -0.66862866716308145000000000000000000000000 / -0.74861029830562686000000000000000000000000
-0.072386315670648071000000000000000000000000 0.927613678225639000000000000000000000000 -0.072386310224218042000000000000000000000000 -0.072386311542494322000000000000000000000000 -0.072386319027312088000000000000000000000000 -0.072386309395413947000000000000000000000000 -0.072386356725734652000000000000000000000000 -0.07238631078844239000000000000000000000000 -0.072386311552968763000000000000000000000000 -0.0723863307603132000000000000000000000000 -0.072386311469138986000000000000000000000000 -0.072386313719237483000000000000000000000000 -0.072386314259225551000000000000000000000000 -0.072386311690383495000000000000000000000000 -0.072386311466702269000000000000000000000000 -0.072386311720908897000000000000000000000000 -0.072386313033560315000000000000000000000000 -0.072386312698450847000000000000000000000000 -0.072386312674818459000000000000000000000000 -0.072386313193365109000000000000000000000000 -0.072386314420339243000000000000000000000000 -0.072386310148177646000000000000000000000000 -0.072386318130972724000000000000000000000000 -0.072386314702375859000000000000000000000000 -0.072386307884572648000000000000000000000000 -0.072386319417365827000000000000000000000000 -0.072386314995013773000000000000000000000000 -0.072386313767282343000000000000000000000000 -0.05277088081476046000000000000000000000000 -0.040363258778379041000000000000000000000000 -0.54792346164857997000000000000000000000000 -0.66862868740391357000000000000000000000000 / -0.74861031980066517000000000000000000000000
-0.07238628302321258000000000000000000000000 -0.072386289126923409000000000000000000000000 0.92761372242320739000000000000000000000000 -0.072386278895068878000000000000000000000000 -0.072386286379866813000000000000000000000000 -0.072386276747994069000000000000000000000000 -0.072386324078197076000000000000000000000000 -0.072386278141017876000000000000000000000000 -0.072386278905545443000000000000000000000000 -0.072386298112843514000000000000000000000000 -0.072386278821715347000000000000000000000000 -0.072386281071808056000000000000000000000000 -0.072386281611792905000000000000000000000000 -0.072386279042959356000000000000000000000000 -0.072386278819279573000000000000000000000000 -0.072386279073483759000000000000000000000000 -0.072386280386133886000000000000000000000000 -0.072386280051026985000000000000000000000000 -0.072386280027394501000000000000000000000000 -0.072386280545935447000000000000000000000000 -0.072386281772908539000000000000000000000000 -0.07238627750075588000000000000000000000000 -0.072386285483531168000000000000000000000000 -0.072386282054945489000000000000000000000000 -0.07238627523715957000000000000000000000000 -0.072386286769917638000000000000000000000000 -0.072386282347587899000000000000000000000000 -0.072386281119853568000000000000000000000000 -0.052770950540612344000000000000000000000000 -0.040363317698693946000000000000000000000000 -0.54792342527529736000000000000000000000000 -0.66862864910193098000000000000000000000000 / -0.74861027912534717000000000000000000000000
-0.072386286749422699000000000000000000000000 -0.072386292853133152000000000000000000000000 -0.072386281303004327000000000000000000000000 0.92761371737873000000000000000000000000 -0.072386290106075502000000000000000000000000 -0.072386280474201842000000000000000000000000 -0.072386327804413633000000000000000000000000 -0.072386281867225205000000000000000000000000 -0.072386282631754534000000000000000000000000 -0.072386301839056283000000000000000000000000 -0.072386282547922703000000000000000000000000 -0.072386284798015149000000000000000000000000 -0.072386285338002343000000000000000000000000 -0.072386282769168572000000000000000000000000 -0.072386282545483099000000000000000000000000 -0.072386282799693336000000000000000000000000 -0.072386284112344962000000000000000000000000 -0.072386283777229707000000000000000000000000 -0.072386283753602731000000000000000000000000 -0.072386284272147508000000000000000000000000 -0.07238628549911845000000000000000000000000 -0.072386281226963042000000000000000000000000 -0.072386289209738844000000000000000000000000 -0.072386285781153428000000000000000000000000 -0.072386278963364914000000000000000000000000 -0.072386290496129921000000000000000000000000 -0.072386286073793368000000000000000000000000 -0.072386284846056706000000000000000000000000 -0.052770942582465619000000000000000000000000 -0.04036331097383053000000000000000000000000 -0.54792342942674688000000000000000000000000 -0.66862865347350864000000000000000000000000 / -0.74861028376783978000000000000000000000000
-0.072386307905849906000000000000000000000000 -0.072386314009569741000000000000000000000000 -0.07238630245942039000000000000000000000000 -0.072386303777698668000000000000000000000000 0.92761368873750705000000000000000000000000 -0.072386301630618599000000000000000000000000 -0.072386348960912547000000000000000000000000 -0.072386303023645057000000000000000000000000 -0.072386303788172887000000000000000000000000 -0.072386322995510635000000000000000000000000 -0.072386303704343666000000000000000000000000 -0.072386305954439914000000000000000000000000 -0.07238630649442504000000000000000000000000 -0.072386303925588966000000000000000000000000 -0.072386303701904339000000000000000000000000 -0.072386303956112452000000000000000000000000 -0.07238630526876598000000000000000000000000 -0.072386304933655027000000000000000000000000 -0.072386304910028121000000000000000000000000 -0.072386305428565528000000000000000000000000 -0.072386306655541521000000000000000000000000 -0.072386302383379023000000000000000000000000 -0.0723863103661751000000000000000000000000 -0.072386306937581094000000000000000000000000 -0.072386300119779146000000000000000000000000 -0.07238631165256712000000000000000000000000 -0.072386307230221991000000000000000000000000 -0.072386306002482845000000000000000000000000 -0.052770897398210746000000000000000000000000 -0.040363272791855219000000000000000000000000 -0.54792345299762857000000000000000000000000 -0.66862867829426309000000000000000000000000 / -0.74861031012653112000000000000000000000000
-0.072386280680533738000000000000000000000000 -0.072386286784238599000000000000000000000000 -0.072386275234116754000000000000000000000000 -0.072386276552389744000000000000000000000000 -0.072386284037186124000000000000000000000000 0.92761372559464583000000000000000000000000 -0.072386321735504799000000000000000000000000 -0.072386275798337035000000000000000000000000 -0.072386276562860494000000000000000000000000 -0.072386295770159245000000000000000000000000 -0.072386276479036657000000000000000000000000 -0.072386278729125814000000000000000000000000 -0.072386279269112133000000000000000000000000 -0.07238627670027907000000000000000000000000 -0.072386276476599329000000000000000000000000 -0.072386276730803098000000000000000000000000 -0.072386278043453628000000000000000000000000 -0.072386277708342578000000000000000000000000 -0.07238627768471341000000000000000000000000 -0.072386278203257146000000000000000000000000 -0.07238627943022638000000000000000000000000 -0.072386275158074775000000000000000000000000 -0.07238628314084801000000000000000000000000 -0.072386279712265175000000000000000000000000 -0.072386272894476647000000000000000000000000 -0.072386284427238837000000000000000000000000 -0.072386280004901951000000000000000000000000 -0.072386278777173518000000000000000000000000 -0.052770955543935967000000000000000000000000 -0.040363321926647822000000000000000000000000 -0.54792342266527061000000000000000000000000 -0.66862864635345221000000000000000000000000 / -0.74861027620662191000000000000000000000000
-0.072386414463781371000000000000000000000000 -0.072386420567556439000000000000000000000000 -0.07238640901730739000000000000000000000000 -0.072386410335597381000000000000000000000000 -0.072386417820469035000000000000000000000000 -0.072386408188498896000000000000000000000000 0.9276135444808169000000000000000000000000 -0.072386409581538913000000000000000000000000 -0.072386410346067451000000000000000000000000 -0.072386429553570511000000000000000000000000 -0.072386410262240394000000000000000000000000 -0.072386412512359638000000000000000000000000 -0.072386413052351009000000000000000000000000 -0.072386410483486666000000000000000000000000 -0.072386410259801498000000000000000000000000 -0.072386410514012414000000000000000000000000 -0.072386411826674379000000000000000000000000 -0.072386411491560235000000000000000000000000 -0.072386411467931344000000000000000000000000 -0.072386411986480506000000000000000000000000 -0.072386413213464049000000000000000000000000 -0.072386408941266051000000000000000000000000 -0.072386416924124272000000000000000000000000 -0.072386413495503718000000000000000000000000 -0.072386406677642331000000000000000000000000 -0.072386418210525424000000000000000000000000 -0.072386413788145879000000000000000000000000 -0.072386412560403499000000000000000000000000 -0.052770669819971625000000000000000000000000 -0.040363080482278539000000000000000000000000 -0.54792357171637152000000000000000000000000 -0.66862880330818919000000000000000000000000 / -0.74861044288658585000000000000000000000000
-0.072386284618041072000000000000000000000000 -0.072386290721750499000000000000000000000000 -0.072386279171621423000000000000000000000000 -0.072386280489890709000000000000000000000000 -0.072386287974691765000000000000000000000000 -0.072386278342816593000000000000000000000000 -0.07238632567302497000000000000000000000000 0.92761372026414535000000000000000000000000 -0.072386280500367314000000000000000000000000 -0.072386299707666787000000000000000000000000 -0.072386280416537024000000000000000000000000 -0.072386282666634869000000000000000000000000 -0.072386283206619051000000000000000000000000 -0.07238628063778553000000000000000000000000 -0.072386280414102139000000000000000000000000 -0.072386280668308281000000000000000000000000 -0.07238628198095895000000000000000000000000 -0.072386281645849065000000000000000000000000 -0.072386281622218426000000000000000000000000 -0.072386282140761593000000000000000000000000 -0.072386283367732243000000000000000000000000 -0.072386279095581041000000000000000000000000 -0.072386287078356176000000000000000000000000 -0.07238628364977151000000000000000000000000 -0.072386276831980803000000000000000000000000 -0.072386288364746226000000000000000000000000 -0.072386283942410451000000000000000000000000 -0.072386282714676106000000000000000000000000 -0.052770947134513163000000000000000000000000 -0.040363314820442628000000000000000000000000 -0.54792342705213914000000000000000000000000 -0.66862865097294377000000000000000000000000 / -0.74861028111235195000000000000000000000000
-0.072386286779031486000000000000000000000000 -0.072386292882743855000000000000000000000000 -0.072386281332614322000000000000000000000000 -0.072386282650885245000000000000000000000000 -0.072386290135684761000000000000000000000000 -0.0723862805038121000000000000000000000000 -0.072386327834024169000000000000000000000000 -0.072386281896836699000000000000000000000000 0.92761371733863174000000000000000000000000 -0.072386301868665029000000000000000000000000 -0.072386282577532185000000000000000000000000 -0.072386284827627656000000000000000000000000 -0.072386285367614073000000000000000000000000 -0.072386282798775334000000000000000000000000 -0.072386282575094371000000000000000000000000 -0.072386282829298321000000000000000000000000 -0.072386284141953305000000000000000000000000 -0.072386283806841381000000000000000000000000 -0.072386283783208938000000000000000000000000 -0.072386284301752729000000000000000000000000 -0.072386285528724476000000000000000000000000 -0.072386281256572468000000000000000000000000 -0.072386289239348769000000000000000000000000 -0.072386285810764298000000000000000000000000 -0.072386278992975242000000000000000000000000 -0.072386290525741123000000000000000000000000 -0.072386286103401198000000000000000000000000 -0.072386284875668533000000000000000000000000 -0.052770942519230819000000000000000000000000 -0.040363310920395259000000000000000000000000 -0.54792342945975792000000000000000000000000 -0.66862865350824263000000000000000000000000 / -0.74861028380470418000000000000000000000000
-0.072386341070170834000000000000000000000000 -0.072386347173911875000000000000000000000000 -0.072386335623730216000000000000000000000000 -0.072386336942011284000000000000000000000000 -0.072386344426841706000000000000000000000000 -0.072386334794927704000000000000000000000000 -0.072386382125343512000000000000000000000000 -0.072386336187952746000000000000000000000000 -0.072386336952485864000000000000000000000000 0.9276136438401188000000000000000000000000 -0.072386336868657752000000000000000000000000 -0.072386339118759815000000000000000000000000 -0.072386339658745566000000000000000000000000 -0.07238633708990154000000000000000000000000 -0.072386336866218537000000000000000000000000 -0.072386337120425984000000000000000000000000 -0.072386338433082953000000000000000000000000 -0.072386338097969044000000000000000000000000 -0.072386338074340681000000000000000000000000 -0.072386338592885152000000000000000000000000 -0.072386339819859591000000000000000000000000 -0.072386335547689404000000000000000000000000 -0.072386343530501066000000000000000000000000 -0.072386340101904478000000000000000000000000 -0.072386333284086099000000000000000000000000 -0.072386344816898915000000000000000000000000 -0.072386340394540657000000000000000000000000 -0.072386339166804189000000000000000000000000 -0.052770826568411415000000000000000000000000 -0.040363212938730922000000000000000000000000 -0.54792348994680395000000000000000000000000 -0.66862871720267614000000000000000000000000 / -0.74861035144582422000000000000000000000000
-0.072386286542085218000000000000000000000000 -0.07238629264579087000000000000000000000000 -0.072386281095660671000000000000000000000000 -0.072386282413934688000000000000000000000000 -0.072386289898733538000000000000000000000000 -0.072386280266860795000000000000000000000000 -0.07238632759707446000000000000000000000000 -0.07238628165988592000000000000000000000000 -0.072386282424412959000000000000000000000000 -0.072386301631717179000000000000000000000000 0.92761371765941314000000000000000000000000 -0.072386284590676767000000000000000000000000 -0.07238628513066471000000000000000000000000 -0.072386282561826443000000000000000000000000 -0.072386282338144259000000000000000000000000 -0.072386282592351608000000000000000000000000 -0.072386283905001111000000000000000000000000 -0.072386283569889867000000000000000000000000 -0.072386283546262822000000000000000000000000 -0.072386284064804185000000000000000000000000 -0.072386285291775848000000000000000000000000 -0.072386281019623647000000000000000000000000 -0.072386289002400142000000000000000000000000 -0.072386285573813339000000000000000000000000 -0.072386278756022715000000000000000000000000 -0.072386290288791524000000000000000000000000 -0.072386285866453182000000000000000000000000 -0.07238628463871763000000000000000000000000 -0.052770943025298701000000000000000000000000 -0.040363311348040616000000000000000000000000 -0.54792342919574699000000000000000000000000 -0.66862865323025178000000000000000000000000 / -0.74861028350948466000000000000000000000000
-0.072386292902164917000000000000000000000000 -0.072386299005873442000000000000000000000000 -0.072386287455743215000000000000000000000000 -0.07238628877401522000000000000000000000000 -0.072386296258819538000000000000000000000000 -0.072386286626941881000000000000000000000000 -0.072386333957174698000000000000000000000000 -0.072386288019963607000000000000000000000000 -0.072386288784491243000000000000000000000000 -0.072386307991807536000000000000000000000000 -0.072386288700662285000000000000000000000000 0.92761370904925944000000000000000000000000 -0.072386291490743077000000000000000000000000 -0.072386288921904435000000000000000000000000 -0.072386288698221932000000000000000000000000 -0.072386288952429059000000000000000000000000 -0.072386290265082531000000000000000000000000 -0.072386289929968733000000000000000000000000 -0.072386289906339163000000000000000000000000 -0.072386290424883593000000000000000000000000 -0.072386291651853979000000000000000000000000 -0.072386287379702208000000000000000000000000 -0.072386295362481187000000000000000000000000 -0.072386291933897326000000000000000000000000 -0.072386285116097751000000000000000000000000 -0.072386296648870196000000000000000000000000 -0.072386292226529605000000000000000000000000 -0.072386290998796704000000000000000000000000 -0.052770929441928752000000000000000000000000 -0.040363299869703981000000000000000000000000 -0.54792343628166496000000000000000000000000 -0.66862866069189042000000000000000000000000 / -0.74861029143350943000000000000000000000000
-0.07238629442848675000000000000000000000000 -0.072386300532196773000000000000000000000000 -0.072386288982062133000000000000000000000000 -0.072386290300338232000000000000000000000000 -0.072386297785144091000000000000000000000000 -0.072386288153259454000000000000000000000000 -0.072386335483500652000000000000000000000000 -0.072386289546284704000000000000000000000000 -0.072386290310809343000000000000000000000000 -0.072386309518126538000000000000000000000000 -0.072386290226980232000000000000000000000000 -0.072386292477075592000000000000000000000000 0.92761370698293177000000000000000000000000 -0.072386290448226628000000000000000000000000 -0.07238629022454475000000000000000000000000 -0.072386290478750309000000000000000000000000 -0.072386291791403337000000000000000000000000 -0.072386291456290761000000000000000000000000 -0.072386291432661287000000000000000000000000 -0.072386291951205398000000000000000000000000 -0.072386293178174785000000000000000000000000 -0.072386288906019072000000000000000000000000 -0.072386296888803991000000000000000000000000 -0.072386293460213386000000000000000000000000 -0.072386286642418057000000000000000000000000 -0.072386298175193806000000000000000000000000 -0.072386293752851966000000000000000000000000 -0.072386292525118912000000000000000000000000 -0.052770926182133977000000000000000000000000 -0.040363297115084747000000000000000000000000 -0.54792343798216248000000000000000000000000 -0.66862866248259345000000000000000000000000 / -0.74861029333512918000000000000000000000000
-0.072386287167446925000000000000000000000000 -0.072386293271156157000000000000000000000000 -0.072386281721029733000000000000000000000000 -0.072386283039301835000000000000000000000000 -0.07238629052410317000000000000000000000000 -0.072386280892224902000000000000000000000000 -0.072386328222441121000000000000000000000000 -0.072386282285249973000000000000000000000000 -0.072386283049776498000000000000000000000000 -0.07238630225708706000000000000000000000000 -0.072386282965946402000000000000000000000000 -0.072386285216039403000000000000000000000000 -0.072386285756025889000000000000000000000000 0.92761371681282445000000000000000000000000 -0.072386282963508464000000000000000000000000 -0.072386283217715341000000000000000000000000 -0.072386284530369299000000000000000000000000 -0.072386284195255987000000000000000000000000 -0.072386284171628013000000000000000000000000 -0.072386284690168751000000000000000000000000 -0.072386285917139359000000000000000000000000 -0.072386281644985645000000000000000000000000 -0.072386289627764097000000000000000000000000 -0.072386286199177918000000000000000000000000 -0.07238627938139057000000000000000000000000 -0.07238629091415727000000000000000000000000 -0.072386286491817539000000000000000000000000 -0.072386285264085679000000000000000000000000 -0.052770941689691146000000000000000000000000 -0.040363310219414292000000000000000000000000 -0.54792342989247433000000000000000000000000 -0.66862865396390936000000000000000000000000 / -0.74861028428865795000000000000000000000000
-0.072386286535191177000000000000000000000000 -0.072386292638899841000000000000000000000000 -0.072386281088775012000000000000000000000000 -0.072386282407047087000000000000000000000000 -0.072386289891845701000000000000000000000000 -0.072386280259969654000000000000000000000000 -0.07238632759018325000000000000000000000000 -0.072386281652993545000000000000000000000000 -0.072386282417520792000000000000000000000000 -0.072386301624825219000000000000000000000000 -0.072386282333693611000000000000000000000000 -0.072386284583787527000000000000000000000000 -0.072386285123771238000000000000000000000000 -0.072386282554935802000000000000000000000000 0.92761371766876521000000000000000000000000 -0.072386282585457831000000000000000000000000 -0.072386283898113427000000000000000000000000 -0.072386283563002404000000000000000000000000 -0.072386283539371515000000000000000000000000 -0.072386284057911879000000000000000000000000 -0.072386285284884291000000000000000000000000 -0.072386281012733353000000000000000000000000 -0.072386288995509251000000000000000000000000 -0.072386285566920908000000000000000000000000 -0.07238627874913095000000000000000000000000 -0.072386290281901772000000000000000000000000 -0.072386285859560098000000000000000000000000 -0.072386284631827738000000000000000000000000 -0.052770943040007179000000000000000000000000 -0.040363311360468127000000000000000000000000 -0.54792342918807913000000000000000000000000 -0.6686286532221577000000000000000000000000 / -0.74861028350092251000000000000000000000000
-0.072386287253726242000000000000000000000000 -0.07238629335743664000000000000000000000000 -0.072386281807306829000000000000000000000000 -0.072386283125579334000000000000000000000000 -0.072386290610383111000000000000000000000000 -0.072386280978505024000000000000000000000000 -0.072386328308723089000000000000000000000000 -0.072386282371531538000000000000000000000000 -0.072386283136056662000000000000000000000000 -0.072386302343360881000000000000000000000000 -0.072386283052226372000000000000000000000000 -0.072386285302319914000000000000000000000000 -0.072386285842306677000000000000000000000000 -0.072386283273469978000000000000000000000000 -0.072386283049791042000000000000000000000000 0.92761371669600878000000000000000000000000 -0.072386284616645702000000000000000000000000 -0.072386284281533056000000000000000000000000 -0.072386284257905692000000000000000000000000 -0.072386284776446319000000000000000000000000 -0.072386286003420189000000000000000000000000 -0.072386281731268806000000000000000000000000 -0.072386289714042165000000000000000000000000 -0.07238628628545582000000000000000000000000 -0.072386279467666917000000000000000000000000 -0.072386291000433575000000000000000000000000 -0.072386286578096426000000000000000000000000 -0.072386285350359861000000000000000000000000 -0.052770941505413706000000000000000000000000 -0.040363310063692988000000000000000000000000 -0.54792342998860422000000000000000000000000 -0.6686286540651547000000000000000000000000 / -0.74861028439615085000000000000000000000000
-0.072386290964049943000000000000000000000000 -0.072386297067763644000000000000000000000000 -0.072386285517631002000000000000000000000000 -0.072386286835903715000000000000000000000000 -0.072386294320707201000000000000000000000000 -0.072386284688822522000000000000000000000000 -0.072386332019054603000000000000000000000000 -0.072386286081849938000000000000000000000000 -0.072386286846378323000000000000000000000000 -0.07238630605368819000000000000000000000000 -0.072386286762551086000000000000000000000000 -0.072386289012643587000000000000000000000000 -0.072386289552629199000000000000000000000000 -0.072386286983795206000000000000000000000000 -0.072386286760109289000000000000000000000000 -0.072386287014317652000000000000000000000000 0.92761371167302598000000000000000000000000 -0.072386287991859116000000000000000000000000 -0.072386287968226479000000000000000000000000 -0.072386288486768327000000000000000000000000 -0.072386289713742266000000000000000000000000 -0.07238628544158332000000000000000000000000 -0.072386293424365922000000000000000000000000 -0.072386289995780145000000000000000000000000 -0.072386283177985594000000000000000000000000 -0.07238629471075643000000000000000000000000 -0.072386290288416949000000000000000000000000 -0.072386289060686476000000000000000000000000 -0.052770933581202571000000000000000000000000 -0.04036330336750741000000000000000000000000 -0.54792343412237532000000000000000000000000 -0.66862865841808228000000000000000000000000 / -0.74861028901881588000000000000000000000000
-0.072386290016822605000000000000000000000000 -0.072386296120535001000000000000000000000000 -0.072386284570403275000000000000000000000000 -0.072386285888677557000000000000000000000000 -0.072386293373478572000000000000000000000000 -0.07238628374159764000000000000000000000000 -0.07238633107182571000000000000000000000000 -0.072386285134625195000000000000000000000000 -0.072386285899149971000000000000000000000000 -0.072386305106458007000000000000000000000000 -0.07238628581532161000000000000000000000000 -0.072386288065413418000000000000000000000000 -0.07238628860540193000000000000000000000000 -0.0723862860365658000000000000000000000000 -0.072386285812883505000000000000000000000000 -0.07238628606709184000000000000000000000000 -0.072386287379739997000000000000000000000000 0.9276137129553651000000000000000000000000 -0.072386287020998211000000000000000000000000 -0.072386287539543598000000000000000000000000 -0.07238628876651676000000000000000000000000 -0.072386284494359993000000000000000000000000 -0.072386292477139111000000000000000000000000 -0.072386289048551655000000000000000000000000 -0.072386282230757742000000000000000000000000 -0.072386293763532519000000000000000000000000 -0.072386289341190846000000000000000000000000 -0.072386288113459554000000000000000000000000 -0.052770935604208508000000000000000000000000 -0.040363305077003052000000000000000000000000 -0.54792343306704983000000000000000000000000 -0.66862865730683629000000000000000000000000 / -0.74861028783864869000000000000000000000000
-0.072386289950031851000000000000000000000000 -0.072386296053746024000000000000000000000000 -0.072386284503614895000000000000000000000000 -0.072386285821885582000000000000000000000000 -0.072386293306686667000000000000000000000000 -0.07238628367480969000000000000000000000000 -0.072386331005036053000000000000000000000000 -0.072386285067837106000000000000000000000000 -0.072386285832361036000000000000000000000000 -0.072386305039668739000000000000000000000000 -0.072386285748535423000000000000000000000000 -0.072386287998624996000000000000000000000000 -0.072386288538615201000000000000000000000000 -0.072386285969776892000000000000000000000000 -0.072386285746093557000000000000000000000000 -0.072386286000299005000000000000000000000000 -0.072386287312955641000000000000000000000000 -0.072386286977841025000000000000000000000000 0.92761371304579066000000000000000000000000 -0.072386287472755301000000000000000000000000 -0.07238628869972695000000000000000000000000 -0.072386284427569378000000000000000000000000 -0.072386292410351077000000000000000000000000 -0.072386288981763539000000000000000000000000 -0.072386282163971583000000000000000000000000 -0.07238629369674239000000000000000000000000 -0.072386289274402105000000000000000000000000 -0.072386288046669967000000000000000000000000 -0.052770935746859378000000000000000000000000 -0.04036330519754934000000000000000000000000 -0.54792343299262025000000000000000000000000 -0.66862865722846598000000000000000000000000 / -0.74861028775545058000000000000000000000000
-0.072386291415735146000000000000000000000000 -0.072386297519449513000000000000000000000000 -0.07238628596932177000000000000000000000000 -0.072386287287594581000000000000000000000000 -0.072386294772394069000000000000000000000000 -0.072386285140515955000000000000000000000000 -0.072386332470748757000000000000000000000000 -0.072386286533543981000000000000000000000000 -0.072386287298068133000000000000000000000000 -0.072386306505381304000000000000000000000000 -0.072386287214240147000000000000000000000000 -0.072386289464335701000000000000000000000000 -0.072386290004319218000000000000000000000000 -0.072386287435482866000000000000000000000000 -0.072386287211801181000000000000000000000000 -0.072386287466005284000000000000000000000000 -0.072386288778659102000000000000000000000000 -0.07238628844354536000000000000000000000000 -0.072386288419914888000000000000000000000000 0.92761371106155965000000000000000000000000 -0.072386290165432077000000000000000000000000 -0.072386285893275754000000000000000000000000 -0.072386293876058216000000000000000000000000 -0.072386290447468915000000000000000000000000 -0.072386283629678208000000000000000000000000 -0.07238629516245168000000000000000000000000 -0.07238629074011059000000000000000000000000 -0.072386289512377563000000000000000000000000 -0.052770932616508601000000000000000000000000 -0.040363302552310736000000000000000000000000 -0.54792343462560267000000000000000000000000 -0.66862865894804069000000000000000000000000 / -0.74861028958158138000000000000000000000000
-0.072386294883880556000000000000000000000000 -0.072386300987593299000000000000000000000000 -0.072386289437454662000000000000000000000000 -0.072386290755730096000000000000000000000000 -0.072386298240536426000000000000000000000000 -0.072386288608653038000000000000000000000000 -0.072386335938898413000000000000000000000000 -0.072386290001679746000000000000000000000000 -0.072386290766207853000000000000000000000000 -0.072386309973519719000000000000000000000000 -0.07238629068237612000000000000000000000000 -0.072386292932469148000000000000000000000000 -0.072386293472460519000000000000000000000000 -0.072386290903623418000000000000000000000000 -0.072386290679939708000000000000000000000000 -0.072386290934144407000000000000000000000000 -0.072386292246799905000000000000000000000000 -0.072386291911684553000000000000000000000000 -0.072386291888054621000000000000000000000000 -0.072386292406598746000000000000000000000000 0.92761370636640883000000000000000000000000 -0.0723862893614136000000000000000000000000 -0.072386297344196215000000000000000000000000 -0.07238629391560876000000000000000000000000 -0.072386287097814458000000000000000000000000 -0.072386298630587279000000000000000000000000 -0.072386294208248894000000000000000000000000 -0.072386292980514896000000000000000000000000 -0.052770925209535212000000000000000000000000 -0.040363296293211823000000000000000000000000 -0.54792343848951586000000000000000000000000 -0.6686286630168774000000000000000000000000 / -0.74861029390250455000000000000000000000000
-0.07238628280827672000000000000000000000000 -0.072386288911982788000000000000000000000000 -0.072386277361857779000000000000000000000000 -0.072386278680131519000000000000000000000000 -0.072386286164930327000000000000000000000000 -0.072386276533056113000000000000000000000000 -0.072386323863255761000000000000000000000000 -0.072386277926084833000000000000000000000000 -0.072386278690607028000000000000000000000000 -0.072386297897907015000000000000000000000000 -0.072386278606775309000000000000000000000000 -0.072386280856869573000000000000000000000000 -0.072386281396856059000000000000000000000000 -0.072386278828019818000000000000000000000000 -0.072386278604338258000000000000000000000000 -0.072386278858544262000000000000000000000000 -0.072386280171194139000000000000000000000000 -0.072386279836085338000000000000000000000000 -0.072386279812451895000000000000000000000000 -0.072386280330997727000000000000000000000000 -0.072386281557967613000000000000000000000000 0.92761372271417097000000000000000000000000 -0.072386285268593711000000000000000000000000 -0.072386281840008448000000000000000000000000 -0.072386275022218657000000000000000000000000 -0.072386286554979209000000000000000000000000 -0.072386282132642865000000000000000000000000 -0.072386280904912045000000000000000000000000 -0.052770950999664688000000000000000000000000 -0.040363318086606113000000000000000000000000 -0.54792342503584501000000000000000000000000 -0.66862864884973883000000000000000000000000 / -0.74861027885755638000000000000000000000000
-0.07238630537227661000000000000000000000000 -0.072386311475996071000000000000000000000000 -0.072386299925852618000000000000000000000000 -0.072386301244126039000000000000000000000000 -0.072386308728936824000000000000000000000000 -0.072386299097051965000000000000000000000000 -0.072386346427329551000000000000000000000000 -0.072386300490077882000000000000000000000000 -0.072386301254602867000000000000000000000000 -0.0723863204619353000000000000000000000000 -0.072386301170772355000000000000000000000000 -0.072386303420868797000000000000000000000000 -0.072386303960855089000000000000000000000000 -0.072386301392017599000000000000000000000000 -0.072386301168334985000000000000000000000000 -0.072386301422540045000000000000000000000000 -0.072386302735195515000000000000000000000000 -0.072386302400083147000000000000000000000000 -0.072386302376452785000000000000000000000000 -0.072386302894996174000000000000000000000000 -0.072386304121970516000000000000000000000000 -0.072386299849812805000000000000000000000000 0.9276136921674013000000000000000000000000 -0.072386304404010365000000000000000000000000 -0.072386297586206932000000000000000000000000 -0.072386309118993325000000000000000000000000 -0.072386304696649459000000000000000000000000 -0.072386303468914642000000000000000000000000 -0.052770902809216112000000000000000000000000 -0.040363277364304506000000000000000000000000 -0.54792345017492039000000000000000000000000 -0.66862867532187631000000000000000000000000 / -0.74861030696996056000000000000000000000000
-0.07238629568108268000000000000000000000000 -0.072386301784799795000000000000000000000000 -0.072386290234663142000000000000000000000000 -0.072386291552938575000000000000000000000000 -0.072386299037742269000000000000000000000000 -0.072386289405858589000000000000000000000000 -0.072386336736105228000000000000000000000000 -0.072386290798883715000000000000000000000000 -0.07238629156341031000000000000000000000000 -0.072386310770729156000000000000000000000000 -0.072386291479581671000000000000000000000000 -0.072386293729677503000000000000000000000000 -0.072386294269666959000000000000000000000000 -0.072386291700825819000000000000000000000000 -0.072386291477141484000000000000000000000000 -0.072386291731354385000000000000000000000000 -0.072386293044003819000000000000000000000000 -0.072386292708891936000000000000000000000000 -0.07238629268525984000000000000000000000000 -0.072386293203804367000000000000000000000000 -0.072386294430774559000000000000000000000000 -0.072386290158621511000000000000000000000000 -0.07238629814140235000000000000000000000000 0.9276137052871577000000000000000000000000 -0.072386287895020482000000000000000000000000 -0.072386299427795939000000000000000000000000 -0.07238629500545575000000000000000000000000 -0.072386293777724917000000000000000000000000 -0.052770923506917401000000000000000000000000 -0.040363294854447902000000000000000000000000 -0.54792343937772892000000000000000000000000 -0.66862866395216303000000000000000000000000 / -0.74861029489573117000000000000000000000000
-0.072386276410025471000000000000000000000000 -0.072386282513727696000000000000000000000000 -0.072386270963612179000000000000000000000000 -0.07238627228188392000000000000000000000000 -0.072386279766675707000000000000000000000000 -0.072386270134808833000000000000000000000000 -0.07238631746498396000000000000000000000000 -0.072386271527833279000000000000000000000000 -0.072386272292358153000000000000000000000000 -0.072386291499649077000000000000000000000000 -0.072386272208529862000000000000000000000000 -0.072386274458622127000000000000000000000000 -0.072386274998606684000000000000000000000000 -0.072386272429771706000000000000000000000000 -0.072386272206092186000000000000000000000000 -0.072386272460297524000000000000000000000000 -0.072386273772947915000000000000000000000000 -0.072386273437835061000000000000000000000000 -0.072386273414204255000000000000000000000000 -0.072386273932750558000000000000000000000000 -0.072386275159720986000000000000000000000000 -0.072386270887569298000000000000000000000000 -0.072386278870342713000000000000000000000000 -0.072386275441756617000000000000000000000000 0.92761373137602143000000000000000000000000 -0.0723862801567315000000000000000000000000 -0.072386275734396113000000000000000000000000 -0.072386274506663018000000000000000000000000 -0.052770964664553964000000000000000000000000 -0.040363329633835383000000000000000000000000 -0.54792341790738908000000000000000000000000 -0.66862864134331035000000000000000000000000 / -0.74861027088600007000000000000000000000000
-0.072386309008371036000000000000000000000000 -0.07238631511209466000000000000000000000000 -0.072386303561946613000000000000000000000000 -0.072386304880219826000000000000000000000000 -0.072386312365032984000000000000000000000000 -0.072386302733139035000000000000000000000000 -0.072386350063434482000000000000000000000000 -0.072386304126166465000000000000000000000000 -0.07238630489069621000000000000000000000000 -0.072386324098033486000000000000000000000000 -0.072386304806866045000000000000000000000000 -0.07238630705696375000000000000000000000000 -0.072386307596953109000000000000000000000000 -0.07238630502811004000000000000000000000000 -0.072386304804425372000000000000000000000000 -0.072386305058633485000000000000000000000000 -0.072386306371291287000000000000000000000000 -0.072386306036176962000000000000000000000000 -0.072386306012544754000000000000000000000000 -0.072386306531090003000000000000000000000000 -0.072386307758060348000000000000000000000000 -0.072386303485902234000000000000000000000000 -0.072386311468692885000000000000000000000000 -0.072386308040102806000000000000000000000000 -0.072386301222299429000000000000000000000000 0.92761368724489512000000000000000000000000 -0.072386308332740359000000000000000000000000 -0.072386307105007028000000000000000000000000 -0.052770895043533425000000000000000000000000 -0.040363270802088069000000000000000000000000 -0.54792345422597533000000000000000000000000 -0.66862867958772987000000000000000000000000 / -0.748610311500158000000000000000000000000
-0.072386296508251236000000000000000000000000 -0.072386302611970363000000000000000000000000 -0.072386291061828215000000000000000000000000 -0.072386292380103232000000000000000000000000 -0.072386299864908882000000000000000000000000 -0.072386290233029157000000000000000000000000 -0.072386337563277239000000000000000000000000 -0.072386291626048524000000000000000000000000 -0.072386292390577631000000000000000000000000 -0.072386311597898031000000000000000000000000 -0.072386292306746217000000000000000000000000 -0.072386294556844519000000000000000000000000 -0.072386295096830672000000000000000000000000 -0.072386292527991392000000000000000000000000 -0.072386292304312427000000000000000000000000 -0.072386292558518112000000000000000000000000 -0.072386293871170751000000000000000000000000 -0.072386293536058285000000000000000000000000 -0.072386293512429492000000000000000000000000 -0.072386294030969009000000000000000000000000 -0.072386295257945224000000000000000000000000 -0.072386290985787166000000000000000000000000 -0.072386298968570226000000000000000000000000 -0.072386295539982964000000000000000000000000 -0.072386288722185818000000000000000000000000 -0.072386300254960123000000000000000000000000 0.9276137041673741000000000000000000000000 -0.072386294604885285000000000000000000000000 -0.052770921740313906000000000000000000000000 -0.040363293361616336000000000000000000000000 -0.54792344029928852000000000000000000000000 -0.66862866492260253000000000000000000000000 / -0.74861029592630945000000000000000000000000
-0.072386293037958002000000000000000000000000 -0.072386299141670357000000000000000000000000 -0.072386287591537271000000000000000000000000 -0.072386288909810081000000000000000000000000 -0.072386296394617217000000000000000000000000 -0.072386286762733343000000000000000000000000 -0.072386334092970087000000000000000000000000 -0.072386288155761411000000000000000000000000 -0.072386288920289837000000000000000000000000 -0.072386308127603605000000000000000000000000 -0.072386288836457716000000000000000000000000 -0.07238629108655073000000000000000000000000 -0.072386291626538368000000000000000000000000 -0.072386289057701086000000000000000000000000 -0.072386288834019846000000000000000000000000 -0.072386289088226433000000000000000000000000 -0.072386290400881972000000000000000000000000 -0.07238629006576415000000000000000000000000 -0.07238629004213272000000000000000000000000 -0.072386290560678621000000000000000000000000 -0.072386291787650936000000000000000000000000 -0.072386287515499428000000000000000000000000 -0.072386295498281336000000000000000000000000 -0.072386292069691577000000000000000000000000 -0.072386285251896249000000000000000000000000 -0.07238629678466639000000000000000000000000 -0.072386292362326174000000000000000000000000 0.92761370886542627000000000000000000000000 -0.052770929151904886000000000000000000000000 -0.040363299624625336000000000000000000000000 -0.54792343643296337000000000000000000000000 -0.6686286608512052000000000000000000000000 / -0.74861029160269754000000000000000000000000
0.056797222964253893000000000000000000000000 0.0567972419333082000000000000000000000000 0.056797206037946947000000000000000000000000 0.056797210134862414000000000000000000000000 0.056797233396023022000000000000000000000000 0.056797203462210004000000000000000000000000 0.056797350554846873000000000000000000000000 0.056797207791441338000000000000000000000000 0.056797210167412349000000000000000000000000 0.056797269859702453000000000000000000000000 0.056797209906888413000000000000000000000000 0.056797216899702907000000000000000000000000 0.05679721857787047000000000000000000000000 0.056797210594468094000000000000000000000000 0.056797209899316622000000000000000000000000 0.056797210689331898000000000000000000000000 0.056797214768773703000000000000000000000000 0.056797213727315526000000000000000000000000 0.056797213653880033000000000000000000000000 0.056797215265407083000000000000000000000000 0.056797219078570209000000000000000000000000 0.056797205801626699000000000000000000000000 0.056797230610406278000000000000000000000000 0.056797219955093514000000000000000000000000 0.056797198766846475000000000000000000000000 0.056797234608237789000000000000000000000000 0.056797220864550593000000000000000000000000 0.056797217049007101000000000000000000000000 4.0854633221303178000000000000000000000000 -0.91399840224340345000000000000000000000000 -0.72777903045775094000000000000000000000000 -0.83837835181510911000000000000000000000000 / -0.96120490330357211000000000000000000000000
-1.7069863825303118000000000000000000000000 -1.7069868063905667000000000000000000000000 -1.7069860043147258000000000000000000000000 -1.7069860958595375000000000000000000000000 -1.706986615626525000000000000000000000000 -1.7069859467601194000000000000000000000000 -1.7069892335189649000000000000000000000000 -1.7069860434960624000000000000000000000000 -1.7069860965869332000000000000000000000000 -1.7069874304009263000000000000000000000000 -1.7069860907656444000000000000000000000000 -1.7069862470188479000000000000000000000000 -1.7069862845171961000000000000000000000000 -1.7069861061294445000000000000000000000000 -1.706986090596299000000000000000000000000 -1.7069861082491764000000000000000000000000 -1.7069861994036069000000000000000000000000 -1.7069861761323724000000000000000000000000 -1.7069861744914923000000000000000000000000 -1.7069862105007174000000000000000000000000 -1.7069862957052571000000000000000000000000 -1.7069859990341452000000000000000000000000 -1.7069865533822295000000000000000000000000 -1.7069863152909444000000000000000000000000 -1.7069858418431483000000000000000000000000 -1.7069866427131011000000000000000000000000 -1.7069863356126245000000000000000000000000 -1.7069862503550823000000000000000000000000 -9.1766197294698593000000000000000000000000 7.5507973181191721000000000000000000000000 2.4497057796990713000000000000000000000000 2.6869985790940754000000000000000000000000 / 2.382952170609999000000000000000000000000
-0.3808306773048456000000000000000000000000 -0.38083088360115669000000000000000000000000 -0.38083049322400703000000000000000000000000 -0.38083053777968107000000000000000000000000 -0.38083079075475018000000000000000000000000 -0.3808304652116612000000000000000000000000 -0.38083206490106225000000000000000000000000 -0.38083051229390735000000000000000000000000 -0.38083053813371481000000000000000000000000 -0.38083118731186555000000000000000000000000 -0.38083053530042038000000000000000000000000 -0.38083061135023361000000000000000000000000 -0.38083062960102176000000000000000000000000 -0.38083054277813094000000000000000000000000 -0.38083053521801713000000000000000000000000 -0.3808305438098129000000000000000000000000 -0.38083058817550386000000000000000000000000 -0.38083057684918081000000000000000000000000 -0.38083057605054216000000000000000000000000 -0.38083059357655552000000000000000000000000 -0.38083063504634918000000000000000000000000 -0.38083049065390168000000000000000000000000 -0.38083076045993136000000000000000000000000 -0.38083064457885346000000000000000000000000 -0.38083041414759977000000000000000000000000 -0.38083080393800089000000000000000000000000 -0.38083065446959852000000000000000000000000 -0.38083061297400661000000000000000000000000 -2.2650907552296276000000000000000000000000 -4.8192783456570822000000000000000000000000 3.8696689370221384000000000000000000000000 1.9649594938294246000000000000000000000000 / 2.0967191852458331000000000000000000000000
-0.0017381859419241595000000000000000000000000 -0.0017381855478733066000000000000000000000000 -0.0017381862935401922000000000000000000000000 -0.0017381862084336276000000000000000000000000 -0.0017381857252212185000000000000000000000000 -0.0017381863470469639000000000000000000000000 -0.0017381832914347098000000000000000000000000 -0.0017381862571144808000000000000000000000000 -0.0017381862077574244000000000000000000000000 -0.0017381849677478806000000000000000000000000 -0.001738186213169449000000000000000000000000 -0.0017381860679052889000000000000000000000000 -0.0017381860330441287000000000000000000000000 -0.0017381861988860065000000000000000000000000 -0.0017381862133268196000000000000000000000000 -0.0017381861969154768000000000000000000000000 -0.0017381861121718001000000000000000000000000 -0.0017381861338063866000000000000000000000000 -0.0017381861353317819000000000000000000000000 -0.0017381861018551294000000000000000000000000 -0.0017381860226428000000000000000000000000 -0.0017381862984494512000000000000000000000000 -0.0017381857830879148000000000000000000000000 -0.0017381860044346715000000000000000000000000 -0.0017381864445852508000000000000000000000000 -0.0017381857000395959000000000000000000000000 -0.0017381859855421975000000000000000000000000 -0.0017381860648037076000000000000000000000000 -0.0012132971595394623000000000000000000000000 -0.010174796642713761000000000000000000000000 -0.043435916543773871000000000000000000000000 0.95363092278504025000000000000000000000000 / -0.044992755970960835000000000000000000000000
/
