2
34
2 32
0.10000000000000001000000000000000000000000 0.20000000000000001000000000000000000000000
/
2
1
0.153656005859375000000000000000000000000 / -0.9190673828125000000000000000000000000
-0.376617431640625000000000000000000000000 / 0.66522216796875000000000000000000000000
/
32
2
0.5984562726155479000000000000000000000000 -0.598456317946226000000000000000000000000 / -1.5987680593117932000000000000000000000000
1.0168827385855104000000000000000000000000 -1.0168828062285233000000000000000000000000 / -1.1803414725484727000000000000000000000000
0.24857228197744671000000000000000000000000 -0.24857230739854558000000000000000000000000 / -1.9486521577353417000000000000000000000000
0.73328296503420676000000000000000000000000 -0.73328299527430052000000000000000000000000 / -1.4639414485897566000000000000000000000000
0.40350995732001749000000000000000000000000 -0.40351001492107186000000000000000000000000 / -1.7937143081785982000000000000000000000000
0.87607472986097701000000000000000000000000 -0.87607475225235454000000000000000000000000 / -1.3211497262539602000000000000000000000000
0.72846083457388244000000000000000000000000 -0.72846102998257223000000000000000000000000 / -1.4687626848689808000000000000000000000000
0.42074228082312543000000000000000000000000 -0.42074230830675724000000000000000000000000 / -1.7764821477236299000000000000000000000000
0.40569710883254761000000000000000000000000 -0.40569713911093513000000000000000000000000 / -1.7915273045841043000000000000000000000000
0.34724562408762588000000000000000000000000 -0.34724572457901526000000000000000000000000 / -1.8499784092135299000000000000000000000000
0.97445321300333132000000000000000000000000 -0.97445324297527514000000000000000000000000 / -1.2227712020723291000000000000000000000000
0.76731004763186939000000000000000000000000 -0.76731008582911142000000000000000000000000 / -1.4299143229140985000000000000000000000000
0.90221808377633084000000000000000000000000 -0.90221812394751633000000000000000000000000 / -1.2950062760832024000000000000000000000000
0.84630990072736434000000000000000000000000 -0.84630993150807543000000000000000000000000 / -1.3509145099698339000000000000000000000000
1.5130376042984164000000000000000000000000 -1.5130376342614487000000000000000000000000 / -0.68418681082548927000000000000000000000000
0.8107264043950676000000000000000000000000 -0.81072643528736021000000000000000000000000 / -1.3864980056980549000000000000000000000000
0.89745735116763048000000000000000000000000 -0.89745738685837206000000000000000000000000 / -1.2997670329479001000000000000000000000000
0.33358406277100339000000000000000000000000 -0.33358409723672861000000000000000000000000 / -1.8636403279764557000000000000000000000000
0.42936856816400742000000000000000000000000 -0.42936860254335241000000000000000000000000 / -1.7678558230510923000000000000000000000000
0.25549974900729366000000000000000000000000 -0.25549978528219297000000000000000000000000 / -1.9417246319457526000000000000000000000000
0.8477950681942712000000000000000000000000 -0.84779510895440791000000000000000000000000 / -1.3494292884768297000000000000000000000000
0.60025685288422104000000000000000000000000 -0.60025687802734673000000000000000000000000 / -1.5969675883334442000000000000000000000000
0.86224002617405515000000000000000000000000 -0.8622400804985163000000000000000000000000 / -1.3349842570632104000000000000000000000000
0.8428003557036251000000000000000000000000 -0.8428003974947631000000000000000000000000 / -1.3544239953858961000000000000000000000000
0.90638886927268936000000000000000000000000 -0.90638888614114543000000000000000000000000 / -1.2908356167419548000000000000000000000000
0.72159467106853936000000000000000000000000 -0.72159473009544628000000000000000000000000 / -1.4756295867108695000000000000000000000000
0.66534063661972498000000000000000000000000 -0.66534067948061615000000000000000000000000 / -1.5318837086784203000000000000000000000000
0.55354458501682047000000000000000000000000 -0.55354462338968669000000000000000000000000 / -1.6436797845783619000000000000000000000000
1.5803930137316984000000000000000000000000 -0.76948973667550735000000000000000000000000 / -2.5433031605634389000000000000000000000000
0.29364200351432573000000000000000000000000 -0.20012547646639101000000000000000000000000 / -0.6611258784181866000000000000000000000000
-0.92728628028755367000000000000000000000000 0.58355612748804342000000000000000000000000 / 0.020485962463068632000000000000000000000000
-0.036633873384277378000000000000000000000000 0.036633873384277454000000000000000000000000 / 0.81066398700292575000000000000000000000000
/
