2
34
2 32
2 1
/
2
1
0.73236083984375000000000000000000000000 / -0.20587158203125000000000000000000000000
0.591094970703125000000000000000000000000 / 0.1712646484375000000000000000000000000
/
32
2
0.50049282191493594000000000000000000000000 -0.50049290250180345000000000000000000000000 / -1.6967254705104953000000000000000000000000
0.80476536142878363000000000000000000000000 -0.80476536176109725000000000000000000000000 / -1.392459189986756000000000000000000000000
1.0289575767796133000000000000000000000000 -1.0289575803808375000000000000000000000000 / -1.1682667196604504000000000000000000000000
1.1036034798657099000000000000000000000000 -1.1036034869989078000000000000000000000000 / -1.093620541083373000000000000000000000000
0.94680427961820135000000000000000000000000 -0.94680428234026826000000000000000000000000 / -1.2504200853959686000000000000000000000000
0.45979463097860152000000000000000000000000 -0.45979463234857443000000000000000000000000 / -1.7374298394990568000000000000000000000000
0.77361212613686403000000000000000000000000 -0.77361231490686355000000000000000000000000 / -1.4235977320593471000000000000000000000000
0.73722990176065295000000000000000000000000 -0.73722990434400337000000000000000000000000 / -1.4599944740734083000000000000000000000000
0.76549935689365944000000000000000000000000 -0.76549935927714052000000000000000000000000 / -1.431725034530178000000000000000000000000
0.8549972828604222000000000000000000000000 -0.85499728365458527000000000000000000000000 / -1.3422272325306328000000000000000000000000
0.66228896302900031000000000000000000000000 -0.66228896331043585000000000000000000000000 / -1.5349355923550672000000000000000000000000
0.52013803619218313000000000000000000000000 -0.5201380382937586000000000000000000000000 / -1.6770863772203175000000000000000000000000
0.64571758862888928000000000000000000000000 -0.64571760142234036000000000000000000000000 / -1.551505990832476000000000000000000000000
0.40076346491819465000000000000000000000000 -0.40076346619097597000000000000000000000000 / -1.7964610131404195000000000000000000000000
-1.4875859632320463000000000000000000000000 -1.6515630301568234000000000000000000000000 / 0.039483626434595423000000000000000000000000
0.69743500001581404000000000000000000000000 -0.6974350018347284000000000000000000000000 / -1.499789435444292000000000000000000000000
0.70130056932102725000000000000000000000000 -0.70130057078262453000000000000000000000000 / -1.4959238940099000000000000000000000000
0.7381144126573983000000000000000000000000 -0.73811443418578948000000000000000000000000 / -1.4591084855150622000000000000000000000000
0.42309214495160785000000000000000000000000 -0.42309214677988277000000000000000000000000 / -1.7741322897783716000000000000000000000000
0.55475516774538858000000000000000000000000 -0.55475516888114118000000000000000000000000 / -1.6424693210015247000000000000000000000000
0.2571172356671288000000000000000000000000 -0.25711723652282453000000000000000000000000 / -1.940107274924328000000000000000000000000
0.40017346529693232000000000000000000000000 -0.40017346630810152000000000000000000000000 / -1.797051033167534000000000000000000000000
0.7666587949164646000000000000000000000000 -0.76665880603220504000000000000000000000000 / -1.4305649154017919000000000000000000000000
0.49642586136201816000000000000000000000000 -0.49642586409500017000000000000000000000000 / -1.7007985028007628000000000000000000000000
0.80231318693610221000000000000000000000000 -0.80231320989131316000000000000000000000000 / -1.3949095999524126000000000000000000000000
0.30693207850200249000000000000000000000000 -0.30693208001052441000000000000000000000000 / -1.8902923811687786000000000000000000000000
0.76999565418492477000000000000000000000000 -0.76999565501977085000000000000000000000000 / -1.4272288580328165000000000000000000000000
0.95679987294974267000000000000000000000000 -0.95680002760328198000000000000000000000000 / -1.2404126446936516000000000000000000000000
-0.17236616017874737000000000000000000000000 -1.8846086783839433000000000000000000000000 / -1.5793689830489419000000000000000000000000
-1.6114766162001146000000000000000000000000 -2.6157182866752837000000000000000000000000 / -0.92123385797517643000000000000000000000000
-1.7435226728687907000000000000000000000000 1.1461021711547268000000000000000000000000 / 2.5283272366016645000000000000000000000000
1.8699560621724234000000000000000000000000 0.20629125438369567000000000000000000000000 / -0.42513941716372478000000000000000000000000
/
