3
66
2 32
2 1
/
2
1
0.73236083984375000000000000000000000000 / -0.20587158203125000000000000000000000000
0.591094970703125000000000000000000000000 / 0.1712646484375000000000000000000000000
/
32
2
-1.6844606388721055000000000000000000000000 0.55207936866840757000000000000000000000000 / 1.5408002614467653000000000000000000000000
0.48904341241840243000000000000000000000000 -0.92087122974396562000000000000000000000000 / -1.1928431089592431000000000000000000000000
0.63159783898892297000000000000000000000000 -1.0907996276519236000000000000000000000000 / -0.83274902914084858000000000000000000000000
0.60665556585468217000000000000000000000000 -1.0995261114979782000000000000000000000000 / -0.59259525157141324000000000000000000000000
0.57234757574839579000000000000000000000000 -1.0238367622146491000000000000000000000000 / -0.95299586140054526000000000000000000000000
0.11920379330312833000000000000000000000000 -0.55933228278488278000000000000000000000000 / -1.4963766522598871000000000000000000000000
-1.6422083021708005000000000000000000000000 0.3643352944499243000000000000000000000000 / 2.1301703056050996000000000000000000000000
0.36632247061930956000000000000000000000000 -0.81661836255531328000000000000000000000000 / -1.1684755011433754000000000000000000000000
0.39967557566575934000000000000000000000000 -0.84826330279089723000000000000000000000000 / -1.1486651968160335000000000000000000000000
0.5283319297017427000000000000000000000000 -0.96380750121092362000000000000000000000000 / -1.1243720969282927000000000000000000000000
0.34775964446177704000000000000000000000000 -0.77919041757471885000000000000000000000000 / -1.3373077280521253000000000000000000000000
0.16142410247494893000000000000000000000000 -0.60762491384037265000000000000000000000000 / -1.4058593190496953000000000000000000000000
-0.035489961409193076000000000000000000000000 -0.51816434594939931000000000000000000000000 / -0.74274518532145251000000000000000000000000
0.062544343276582065000000000000000000000000 -0.50187953538824093000000000000000000000000 / -1.5593579606960764000000000000000000000000
-1.7245293510618958000000000000000000000000 -2.1176599437118719000000000000000000000000 / -0.18966989929059799000000000000000000000000
0.34577932721660459000000000000000000000000 -0.78961307541854153000000000000000000000000 / -1.2403118362289018000000000000000000000000
0.35846609510858163000000000000000000000000 -0.79934534543290392000000000000000000000000 / -1.2511341944477381000000000000000000000000
-0.32178942561114715000000000000000000000000 -0.3375816966652323000000000000000000000000 / 0.0013280902740383238000000000000000000000000
0.071203862255225583000000000000000000000000 -0.51511557681902687000000000000000000000000 / -1.5142674371211242000000000000000000000000
0.21986539052043622000000000000000000000000 -0.65808754336319231000000000000000000000000 / -1.4109119182586265000000000000000000000000
-0.071021622060111936000000000000000000000000 -0.36494571726318253000000000000000000000000 / -1.7197968979374443000000000000000000000000
0.068295783418294898000000000000000000000000 -0.50551154095333728000000000000000000000000 / -1.5705114259341326000000000000000000000000
0.14403352928472909000000000000000000000000 -0.67885126194806222000000000000000000000000 / -0.72013210568591746000000000000000000000000
0.12168913973862147000000000000000000000000 -0.5732724941983306000000000000000000000000 / -1.4029084112807022000000000000000000000000
-0.32457203187730616000000000000000000000000 -0.35084726298714586000000000000000000000000 / 0.18344156576516085000000000000000000000000
-0.037054365973492508000000000000000000000000 -0.40421046727495397000000000000000000000000 / -1.6435843239577081000000000000000000000000
0.44235647463745315000000000000000000000000 -0.8781570355452345000000000000000000000000 / -1.2077510590108147000000000000000000000000
-1.3978323885479627000000000000000000000000 0.15737149989255092000000000000000000000000 / 2.2283911442998852000000000000000000000000
-0.53946801159311442000000000000000000000000 -1.8991054726294074000000000000000000000000 / -1.2267639258800418000000000000000000000000
-0.81268542389702714000000000000000000000000 -2.0858852686960718000000000000000000000000 / -1.1901920322990474000000000000000000000000
-2.487285074632692000000000000000000000000 -2.0367628623895522000000000000000000000000 / 0.089224604821261683000000000000000000000000
1.810438231037603000000000000000000000000 0.73707000876168294000000000000000000000000 / 0.16515716834908303000000000000000000000000
/
32
32
0.79599831769401008000000000000000000000000 -0.096622739765489449000000000000000000000000 -0.11096333004076776000000000000000000000000 -0.1282641120682565000000000000000000000000 -0.10691483225366935000000000000000000000000 -0.10094859275387429000000000000000000000000 -0.19682735544658139000000000000000000000000 -0.10628767661317941000000000000000000000000 -0.10538983111726861000000000000000000000000 -0.098517308073791041000000000000000000000000 -0.096417324684209646000000000000000000000000 -0.10413535994419565000000000000000000000000 -0.15395530658546883000000000000000000000000 -0.1005332005266997000000000000000000000000 -0.0013135983425924072000000000000000000000000 -0.10289199091539027000000000000000000000000 -0.1013419705851666000000000000000000000000 -0.18034567309770119000000000000000000000000 -0.10293292797889676000000000000000000000000 -0.09995091822658532000000000000000000000000 -0.098773605694282798000000000000000000000000 -0.099425035902022799000000000000000000000000 -0.14708152066956134000000000000000000000000 -0.10696431950493397000000000000000000000000 -0.18372201176653252000000000000000000000000 -0.10154409430550909000000000000000000000000 -0.09868666420616759000000000000000000000000 -0.19471765431022836000000000000000000000000 -0.0026738316352083059000000000000000000000000 -0.0014757001950197149000000000000000000000000 -0.00087902066811568116000000000000000000000000 -1.0795643413006626000000000000000000000000 / -1.0947198698365146000000000000000000000000
0.006377116211085606000000000000000000000000 0.92676057067532691000000000000000000000000 -0.083838177231478198000000000000000000000000 -0.09597253967429141000000000000000000000000 -0.0808840734298273000000000000000000000000 -0.076472074463369247000000000000000000000000 0.035611325433906355000000000000000000000000 -0.080423381177133241000000000000000000000000 -0.079762501155671017000000000000000000000000 -0.074657916319647924000000000000000000000000 -0.073085428572485039000000000000000000000000 -0.078836561001603009000000000000000000000000 -0.11048564655486684000000000000000000000000 -0.076162687484507871000000000000000000000000 -0.00037520944094401746000000000000000000000000 -0.077916021760546142000000000000000000000000 -0.07676483072161952000000000000000000000000 -0.1070193828127263000000000000000000000000 -0.077946372327281507000000000000000000000000 -0.075728588179475573000000000000000000000000 -0.074849514668254444000000000000000000000000 -0.075336141721886213000000000000000000000000 -0.10737770246349969000000000000000000000000 -0.080920391919138315000000000000000000000000 -0.10391455898729031000000000000000000000000 -0.076915162510117166000000000000000000000000 -0.074784529161267183000000000000000000000000 0.031389294207029905000000000000000000000000 -0.00093815609675920958000000000000000000000000 -0.00046659256709134295000000000000000000000000 -0.00023120192548848844000000000000000000000000 -1.080512745549858000000000000000000000000 / -1.0837385784097193000000000000000000000000
0.0030779833237440449000000000000000000000000 -0.073968537746257307000000000000000000000000 0.91530618771202421000000000000000000000000 -0.096994578703055362000000000000000000000000 -0.081703048203972589000000000000000000000000 -0.07723841232844264000000000000000000000000 0.032017254257257495000000000000000000000000 -0.081236746785482858000000000000000000000000 -0.080567868515306174000000000000000000000000 -0.075403241911918592000000000000000000000000 -0.073812786324597743000000000000000000000000 -0.079630815262287075000000000000000000000000 -0.11181173499138194000000000000000000000000 -0.076925418458905492000000000000000000000000 -0.0003921389005979681000000000000000000000000 -0.07869933125826295000000000000000000000000 -0.077534590949461829000000000000000000000000 -0.1088653963105632000000000000000000000000 -0.078730041082630209000000000000000000000000 -0.076486275056013922000000000000000000000000 -0.075597044312775127000000000000000000000000 -0.076089284814132435000000000000000000000000 -0.10861067457246962000000000000000000000000 -0.081739810084394127000000000000000000000000 -0.10584685403032867000000000000000000000000 -0.077686683734364589000000000000000000000000 -0.075531310864042328000000000000000000000000 0.027886555346967368000000000000000000000000 -0.0009710657180558161000000000000000000000000 -0.0004852213172151427000000000000000000000000 -0.00024273706749122686000000000000000000000000 -1.0806485786461164000000000000000000000000 / -1.0840865078680215000000000000000000000000
-0.0015826749018461532000000000000000000000000 -0.074925504474975979000000000000000000000000 -0.085827916936604465000000000000000000000000 0.90163231404132926000000000000000000000000 -0.082785375057365287000000000000000000000000 -0.078247034672332613000000000000000000000000 0.026901492528183184000000000000000000000000 -0.082311183033615384000000000000000000000000 -0.081631068158942444000000000000000000000000 -0.076382660491981447000000000000000000000000 -0.074767333935517169000000000000000000000000 -0.080678431465845746000000000000000000000000 -0.11362819892685443000000000000000000000000 -0.077929018770048819000000000000000000000000 -0.00041590757451869458000000000000000000000000 -0.079731633588919756000000000000000000000000 -0.078547981832795502000000000000000000000000 -0.11141970785351604000000000000000000000000 -0.079762845553276243000000000000000000000000 -0.077482858496449536000000000000000000000000 -0.076579520199680715000000000000000000000000 -0.077079553634163064000000000000000000000000 -0.11029166600129692000000000000000000000000 -0.082822761034281753000000000000000000000000 -0.1085216624440072000000000000000000000000 -0.078702529596238233000000000000000000000000 -0.076512749100691349000000000000000000000000 0.02290445905430772000000000000000000000000 -0.001016799121768833000000000000000000000000 -0.00051122011308805308000000000000000000000000 -0.00025898144425305061000000000000000000000000 -1.0807821784703771000000000000000000000000 / -1.084519512217397000000000000000000000000
0.0040475167842880591000000000000000000000000 -0.073758429282149693000000000000000000000000 -0.084446311567523774000000000000000000000000 -0.096697432017083473000000000000000000000000 0.9185335817908733000000000000000000000000 -0.077017339487855579000000000000000000000000 0.033076510176062557000000000000000000000000 -0.081001777549555495000000000000000000000000 -0.080335266212153603000000000000000000000000 -0.075188361485377567000000000000000000000000 -0.073603192613355128000000000000000000000000 -0.0794014993288817000000000000000000000000 -0.11142351968633887000000000000000000000000 -0.07670540933344705000000000000000000000000 -0.00038715885004253714000000000000000000000000 -0.078473249202770934000000000000000000000000 -0.07731250853031231000000000000000000000000 -0.10832395516750103000000000000000000000000 -0.078503852919574749000000000000000000000000 -0.076267752978798328000000000000000000000000 -0.075381514839419919000000000000000000000000 -0.075872101768803324000000000000000000000000 -0.10825029167498341000000000000000000000000 -0.081503048781566584000000000000000000000000 -0.10528024787278027000000000000000000000000 -0.077464081723922995000000000000000000000000 -0.075316001656927339000000000000000000000000 0.028918593248563804000000000000000000000000 -0.00096141607364355608000000000000000000000000 -0.00047975188303135322000000000000000000000000 -0.0002393407733607802000000000000000000000000 -1.0806137253164863000000000000000000000000 / -1.0839891637569492000000000000000000000000
0.0054173069592845643000000000000000000000000 -0.073455474613619995000000000000000000000000 -0.084090727148090863000000000000000000000000 -0.096272612934328261000000000000000000000000 -0.081126084680677682000000000000000000000000 0.92330109911633562000000000000000000000000 0.034568908714451924000000000000000000000000 -0.080663777358796901000000000000000000000000 -0.080000593131296843000000000000000000000000 -0.074878662243298644000000000000000000000000 -0.073300966008738755000000000000000000000000 -0.079071448962151375000000000000000000000000 -0.11087222533212335000000000000000000000000 -0.076388470938122247000000000000000000000000 -0.00038012521080234898000000000000000000000000 -0.078147751394971071000000000000000000000000 -0.07699264645239827000000000000000000000000 -0.10755672246394732000000000000000000000000 -0.078178205677947504000000000000000000000000 -0.075952912539557424000000000000000000000000 -0.075070898922672519000000000000000000000000 -0.075559151164840507000000000000000000000000 -0.10773771998211717000000000000000000000000 -0.081162530807062983000000000000000000000000 -0.10447721905276643000000000000000000000000 -0.077143487183724227000000000000000000000000 -0.075005696813086234000000000000000000000000 0.030373049798186492000000000000000000000000 -0.00094774317515217415000000000000000000000000 -0.00047201234763000834000000000000000000000000 -0.00023454835059309929000000000000000000000000 -1.0805577543422764000000000000000000000000 / -1.0838450732767047000000000000000000000000
-0.22379027344202085000000000000000000000000 -0.098364548079330413000000000000000000000000 -0.112989820020048000000000000000000000000 -0.13070041306968147000000000000000000000000 -0.10885696629105958000000000000000000000000 -0.10277252487695976000000000000000000000000 0.7797199238498308000000000000000000000000 -0.10821706249146966000000000000000000000000 -0.10730110701604759000000000000000000000000 -0.10029478892584069000000000000000000000000 -0.098155288187173284000000000000000000000000 -0.10602159991986518000000000000000000000000 -0.15730702976597932000000000000000000000000 -0.1023491354943482000000000000000000000000 -0.0014150860110174509000000000000000000000000 -0.10475370937663472000000000000000000000000 -0.10317350095094578000000000000000000000000 -0.18616832364524716000000000000000000000000 -0.10479544933343192000000000000000000000000 -0.10175568697178795000000000000000000000000 -0.1005559448665486000000000000000000000000 -0.101219762238063000000000000000000000000 -0.15012333131077812000000000000000000000000 -0.10890746296665232000000000000000000000000 -0.19007716986596374000000000000000000000000 -0.10337953842107288000000000000000000000000 -0.10046735439356143000000000000000000000000 -0.21729648638373433000000000000000000000000 -0.002856552495454634000000000000000000000000 -0.0015851757964868546000000000000000000000000 -0.00094906121572596927000000000000000000000000 -1.0735996301513646000000000000000000000000 / -1.089985944853302000000000000000000000000
0.0041945929485477139000000000000000000000000 -0.073726236928285796000000000000000000000000 -0.084408451980092003000000000000000000000000 -0.096652079396623167000000000000000000000000 -0.081430203799654058000000000000000000000000 -0.076983482864784000000000000000000000000 0.033236995730426253000000000000000000000000 0.91903418535462544000000000000000000000000 -0.080299661834370373000000000000000000000000 -0.075155444532686577000000000000000000000000 -0.073571078447324162000000000000000000000000 -0.079366392901806707000000000000000000000000 -0.1113644500813637000000000000000000000000 -0.076671714075466496000000000000000000000000 -0.00038640322233053843000000000000000000000000 -0.078438632951057699000000000000000000000000 -0.077278498773135862000000000000000000000000 -0.10824166521020867000000000000000000000000 -0.078469220581758301000000000000000000000000 -0.076234283339065345000000000000000000000000 -0.075348499364441018000000000000000000000000 -0.075838835323808834000000000000000000000000 -0.10819541719280973000000000000000000000000 -0.08146681448872975000000000000000000000000 -0.1051941296646783000000000000000000000000 -0.077429993161496777000000000000000000000000 -0.075283019616480221000000000000000000000000 0.029074974595217462000000000000000000000000 -0.00095994969212308853000000000000000000000000 -0.00047892126053289869000000000000000000000000 -0.00023882567605347854000000000000000000000000 -1.0806081205607716000000000000000000000000 / -1.0839740845279415000000000000000000000000
0.0044037949694567743000000000000000000000000 -0.073680303361675858000000000000000000000000 -0.08435446191431098000000000000000000000000 -0.096587452344781513000000000000000000000000 -0.081378551342085867000000000000000000000000 -0.076935182176761013000000000000000000000000 0.033465174229355958000000000000000000000000 -0.080914519627793627000000000000000000000000 0.91975112360677436000000000000000000000000 -0.075108480224705343000000000000000000000000 -0.073525256115138507000000000000000000000000 -0.079316315276720964000000000000000000000000 -0.11128036303865051000000000000000000000000 -0.076623642853849205000000000000000000000000 -0.00038532847239148356000000000000000000000000 -0.078389252176036622000000000000000000000000 -0.07722998033242616000000000000000000000000 -0.10812456213888000000000000000000000000 -0.078419816936807232000000000000000000000000 -0.076186532970326654000000000000000000000000 -0.075301394924289833000000000000000000000000 -0.075791373935835599000000000000000000000000 -0.10811728330614225000000000000000000000000 -0.081415133773796861000000000000000000000000 -0.1050715756176003000000000000000000000000 -0.077381362665179934000000000000000000000000 -0.075235962731175748000000000000000000000000 0.029297327224926197000000000000000000000000 -0.00095786298739722667000000000000000000000000 -0.00047773950017326384000000000000000000000000 -0.00023809314115324096000000000000000000000000 -1.0805999913077147000000000000000000000000 / -1.0839524827068379000000000000000000000000
0.0059594080952060768000000000000000000000000 -0.073333779352859715000000000000000000000000 -0.083948358446184063000000000000000000000000 -0.096103277575987162000000000000000000000000 -0.080989688546952959000000000000000000000000 -0.076571104490843062000000000000000000000000 0.035158021999877213000000000000000000000000 -0.080528296242473263000000000000000000000000 -0.079866417325154371000000000000000000000000 0.92524569265096335000000000000000000000000 -0.073179558045705306000000000000000000000000 -0.078939087925683729000000000000000000000000 -0.11065377784993018000000000000000000000000 -0.076261264942796184000000000000000000000000 -0.0003773468368672499000000000000000000000000 -0.078017178932068332000000000000000000000000 -0.076864290001956118000000000000000000000000 -0.10725305921805234000000000000000000000000 -0.078047574485174714000000000000000000000000 -0.075826532439370264000000000000000000000000 -0.074946182799226033000000000000000000000000 -0.075433515289307071000000000000000000000000 -0.10753434237612514000000000000000000000000 -0.08102606235719842000000000000000000000000 -0.10415928377210047000000000000000000000000 -0.077014842603480946000000000000000000000000 -0.07488110326588783000000000000000000000000 0.030947336038629088000000000000000000000000 -0.00094232771887085788000000000000000000000000 -0.0004689502036700211000000000000000000000000 -0.00023265667051752229000000000000000000000000 -1.0805329912878117000000000000000000000000 / -1.0837855474430977000000000000000000000000
0.006422205669010121000000000000000000000000 -0.07322921850815084000000000000000000000000 -0.083826263697128409000000000000000000000000 -0.095958420110252088000000000000000000000000 -0.080872650599426277000000000000000000000000 -0.07646135986921479000000000000000000000000 0.035660223714167154000000000000000000000000 -0.080412033606141645000000000000000000000000 -0.079751260984377778000000000000000000000000 -0.07464748575309095000000000000000000000000 0.92692475849292777000000000000000000000000 -0.07882547022544957000000000000000000000000 -0.11046751602863637000000000000000000000000 -0.076152021590626465000000000000000000000000 -0.00037497892745390495000000000000000000000000 -0.07790507831319074000000000000000000000000 -0.076754069939392489000000000000000000000000 -0.10699418361161316000000000000000000000000 -0.077935424040773249000000000000000000000000 -0.075717990428897333000000000000000000000000 -0.074839054272445721000000000000000000000000 -0.075325605393719908000000000000000000000000 -0.10736080557318997000000000000000000000000 -0.080908963141747836000000000000000000000000 -0.10388816423536389000000000000000000000000 -0.076904377969363516000000000000000000000000 -0.074774078886996401000000000000000000000000 0.031436972082065057000000000000000000000000 -0.0009377059141193444000000000000000000000000 -0.00046633820026278672000000000000000000000000 -0.00023104506099237438000000000000000000000000 -1.0805104957308718000000000000000000000000 / -1.0837334476608012000000000000000000000000
0.0046935287772036979000000000000000000000000 -0.073616413900226982000000000000000000000000 -0.084279426032657812000000000000000000000000 -0.096497729796056655000000000000000000000000 -0.081306747287748268000000000000000000000000 -0.076868015312145488000000000000000000000000 0.033780995682041591000000000000000000000000 -0.080843209906520427000000000000000000000000 -0.080178271482398131000000000000000000000000 -0.075043163385757561000000000000000000000000 -0.073461520716504344000000000000000000000000 0.92075331048325959000000000000000000000000 -0.11116379539139527000000000000000000000000 -0.076556793604878701000000000000000000000000 -0.0003838402523236285000000000000000000000000 -0.07832059056971627000000000000000000000000 -0.077162512083686519000000000000000000000000 -0.10796229574610444000000000000000000000000 -0.07835112368516664000000000000000000000000 -0.076120127862309941000000000000000000000000 -0.075235884060914762000000000000000000000000 -0.075725368882763822000000000000000000000000 -0.10800893150702248000000000000000000000000 -0.081343290641876592000000000000000000000000 -0.10490174817490325000000000000000000000000 -0.077313739330862524000000000000000000000000 -0.075170517710528489000000000000000000000000 0.029605104122003095000000000000000000000000 -0.00095497148993781979000000000000000000000000 -0.0004761024292272662000000000000000000000000 -0.00023707898797090633000000000000000000000000 -1.0805884152152554000000000000000000000000 / -1.0839222571934364000000000000000000000000
-0.012647057965091225000000000000000000000000 -0.076777324873138264000000000000000000000000 -0.088016695477346654000000000000000000000000 -0.10101989980162374000000000000000000000000 -0.084875206365418177000000000000000000000000 -0.080196717020058747000000000000000000000000 0.014713176440339839000000000000000000000000 -0.08438597348620526000000000000000000000000 -0.083684456071942026000000000000000000000000 -0.078276990862873486000000000000000000000000 -0.076614575580999655000000000000000000000000 -0.082702167975209101000000000000000000000000 0.882812977353719000000000000000000000000 -0.079869176675800554000000000000000000000000 -0.00047004545293293415000000000000000000000000 -0.081726264365285878000000000000000000000000 -0.080506710381764449000000000000000000000000 -0.11671041778897048000000000000000000000000 -0.081758430212681144000000000000000000000000 -0.079409713005220067000000000000000000000000 -0.078479641789087395000000000000000000000000 -0.078994440181317155000000000000000000000000 -0.11356496467549074000000000000000000000000 -0.084913782390553125000000000000000000000000 -0.11412185651021738000000000000000000000000 -0.08066591637520279000000000000000000000000 -0.078410905069304218000000000000000000000000 0.011035308351679601000000000000000000000000 -0.0011194645840813958000000000000000000000000 -0.00056995627417781765000000000000000000000000 -0.00029614755078734436000000000000000000000000 -1.0811451196810555000000000000000000000000 / -1.0855666393229921000000000000000000000000
0.0055104847124362371000000000000000000000000 -0.073434623638907737000000000000000000000000 -0.084066314192743491000000000000000000000000 -0.096243544020642502000000000000000000000000 -0.081102701556163795000000000000000000000000 -0.076676999508376004000000000000000000000000 0.034670231162463649000000000000000000000000 -0.080640551955317732000000000000000000000000 -0.079977592698454281000000000000000000000000 -0.074857353462095447000000000000000000000000 -0.073280164478581197000000000000000000000000 -0.079048761255937572000000000000000000000000 -0.1108346715385345000000000000000000000000 0.92363332876016158000000000000000000000000 -0.00037964735071778163000000000000000000000000 -0.078125371843747585000000000000000000000000 -0.076970648619124504000000000000000000000000 -0.10750451028852866000000000000000000000000 -0.078155816009018525000000000000000000000000 -0.075931255064119324000000000000000000000000 -0.075049527951857806000000000000000000000000 -0.075537621837083638000000000000000000000000 -0.1077027681125069000000000000000000000000 -0.081139135216847527000000000000000000000000 -0.10442255867152943000000000000000000000000 -0.077121439723952218000000000000000000000000 -0.074984346945416877000000000000000000000000 0.030471815671798637000000000000000000000000 -0.00094681233989647121000000000000000000000000 -0.00047148588298695282000000000000000000000000 -0.0002342229403665902000000000000000000000000 -1.0805536132340348000000000000000000000000 / -1.0838349513017864000000000000000000000000
0.024835261772098455000000000000000000000000 -0.06858063602349998000000000000000000000000 -0.078560941464133477000000000000000000000000 -0.089937144610762326000000000000000000000000 -0.075781627653388917000000000000000000000000 -0.07162668808779811000000000000000000000000 0.05503457196410752000000000000000000000000 -0.075347976587785429000000000000000000000000 -0.074725796464801084000000000000000000000000 -0.06991732357422141000000000000000000000000 -0.068435515580334491000000000000000000000000 -0.07385390779134357000000000000000000000000 -0.1030782540387126000000000000000000000000 -0.071335197045878984000000000000000000000000 0.99972291871977337000000000000000000000000 -0.072986926721161999000000000000000000000000 -0.071902498643559673000000000000000000000000 -0.096786242143262577000000000000000000000000 -0.073015514052073113000000000000000000000000 -0.070926188111980912000000000000000000000000 -0.07009786773652707000000000000000000000000 -0.070556407628469084000000000000000000000000 -0.10040402977375619000000000000000000000000 -0.075815812050836262000000000000000000000000 -0.093164547928624164000000000000000000000000 -0.072044123982278163000000000000000000000000 -0.070036631790268658000000000000000000000000 0.050398566110174792000000000000000000000000 -0.00073980440497437266000000000000000000000000 -0.00035585333670730673000000000000000000000000 -0.00016534613407813322000000000000000000000000 -1.0750880812570447000000000000000000000000 / -1.0771548160254276000000000000000000000000
0.0049779107907357021000000000000000000000000 -0.07355340159954693000000000000000000000000 -0.084205489785848506000000000000000000000000 -0.096409434805347846000000000000000000000000 -0.081235975643992181000000000000000000000000 -0.076801788194753459000000000000000000000000 0.034090757274909761000000000000000000000000 -0.080772922499316599000000000000000000000000 -0.08010867457827206000000000000000000000000 -0.074978750657460555000000000000000000000000 -0.073398659598788732000000000000000000000000 -0.079178052061452328000000000000000000000000 -0.11104928063166625000000000000000000000000 -0.076490877929242293000000000000000000000000 -0.00038238000012763139000000000000000000000000 0.92174710193043952000000000000000000000000 -0.077095989461627962000000000000000000000000 -0.10780295939102121000000000000000000000000 -0.078283400166605843000000000000000000000000 -0.076054647732796063000000000000000000000000 -0.075171281008535373000000000000000000000000 -0.07566028110519267000000000000000000000000 -0.1079024455697743000000000000000000000000 -0.081272480720830945000000000000000000000000 -0.10473497604742492000000000000000000000000 -0.077247064656624662000000000000000000000000 -0.075105979244170451000000000000000000000000 0.029906997821291189000000000000000000000000 -0.00095213204814932866000000000000000000000000 -0.00047449535624350514000000000000000000000000 -0.00023608411526833688000000000000000000000000 -1.0805766759042443000000000000000000000000 / -1.0838922259230128000000000000000000000000
0.0053288362572974941000000000000000000000000 -0.073475245437112854000000000000000000000000 -0.084113882875060234000000000000000000000000 -0.096300196821711148000000000000000000000000 -0.081148261481713946000000000000000000000000 -0.076719669584741287000000000000000000000000 0.034472680607280218000000000000000000000000 -0.080685804254818319000000000000000000000000 -0.080022406214731681000000000000000000000000 -0.074898867948287054000000000000000000000000 -0.073320689866800487000000000000000000000000 -0.079092964848174435000000000000000000000000 -0.11090788118301451000000000000000000000000 -0.076409143034579685000000000000000000000000 -0.00038057903283271482000000000000000000000000 -0.078168974449842332000000000000000000000000 0.92298649319828774000000000000000000000000 -0.10760630028228471000000000000000000000000 -0.078199438347048719000000000000000000000000 -0.075973449512430832000000000000000000000000 -0.075091163707103115000000000000000000000000 -0.075579566390896011000000000000000000000000 -0.10777090110788277000000000000000000000000 -0.081184719456280446000000000000000000000000 -0.10452911963163727000000000000000000000000 -0.077164394685838439000000000000000000000000 -0.075025941549655667000000000000000000000000 0.030279252142721001000000000000000000000000 -0.00094862696073651806000000000000000000000000 -0.00047251225198333401000000000000000000000000 -0.00023485741286619939000000000000000000000000 -1.0805616436856125000000000000000000000000 / -1.0838546433423071000000000000000000000000
-0.049053177308675519000000000000000000000000 -0.081103569409357534000000000000000000000000 -0.093008693244585189000000000000000000000000 -0.10692765622637403000000000000000000000000 -0.089672816479049261000000000000000000000000 -0.084717824692919594000000000000000000000000 -0.025194081619967564000000000000000000000000 -0.089153995318257392000000000000000000000000 -0.088410348027101057000000000000000000000000 -0.082688141208615701000000000000000000000000 -0.080931646170271404000000000000000000000000 -0.087369630398901388000000000000000000000000 -0.12510691741784374000000000000000000000000 -0.084371404349762272000000000000000000000000 -0.00063008652011398592000000000000000000000000 -0.086336287189489422000000000000000000000000 -0.085045736425739218000000000000000000000000 0.86986340201834955000000000000000000000000 -0.086370337034276601000000000000000000000000 -0.083885543485918326000000000000000000000000 -0.082902325220802639000000000000000000000000 -0.083446495215975219000000000000000000000000 -0.12079879991526331000000000000000000000000 -0.089713732959943296000000000000000000000000 -0.12872791416986545000000000000000000000000 -0.085214164329153061000000000000000000000000 -0.082829674840968828000000000000000000000000 -0.027875139826668255000000000000000000000000 -0.001417903840902239000000000000000000000000 -0.00074165791207299661000000000000000000000000 -0.00040671209032265549000000000000000000000000 -1.0843112091278062000000000000000000000000 / -1.0907814395862157000000000000000000000000
0.0049685899317644137000000000000000000000000 -0.073555471547601697000000000000000000000000 -0.084207917469783677000000000000000000000000 -0.096412332150162483000000000000000000000000 -0.081238299737684844000000000000000000000000 -0.076803963466725092000000000000000000000000 0.034080608212470581000000000000000000000000 -0.080775230739002765000000000000000000000000 -0.080110960209326759000000000000000000000000 -0.074980866491330608000000000000000000000000 -0.073400724592779035000000000000000000000000 -0.079180306275178955000000000000000000000000 -0.11105303520299255000000000000000000000000 -0.076493042999501312000000000000000000000000 -0.00038242785136770996000000000000000000000000 -0.078255121337313105000000000000000000000000 -0.077098174412930931000000000000000000000000 -0.10780818247587021000000000000000000000000 0.92171437554978008000000000000000000000000 -0.076056798535508507000000000000000000000000 -0.075173403077886114000000000000000000000000 -0.075662419054682808000000000000000000000000 -0.10790593757363082000000000000000000000000 -0.081274806067695951000000000000000000000000 -0.10474044308534369000000000000000000000000 -0.07724925458830785000000000000000000000000 -0.075108099197541467000000000000000000000000 0.029897106183684231000000000000000000000000 -0.00095222513024604801000000000000000000000000 -0.00047454803081185446000000000000000000000000 -0.00023611671294747929000000000000000000000000 -1.080577066806198000000000000000000000000 / -1.0838932161273436000000000000000000000000
0.0056406927418084238000000000000000000000000 -0.073405438741055387000000000000000000000000 -0.08403215728522459000000000000000000000000 -0.096202894743335446000000000000000000000000 -0.081069981611741865000000000000000000000000 -0.076646347847166285000000000000000000000000 0.034811776551669019000000000000000000000000 -0.080608052121343657000000000000000000000000 -0.079945406843496408000000000000000000000000 -0.074827529229134229000000000000000000000000 -0.073251048636726115000000000000000000000000 -0.079017011890234579000000000000000000000000 -0.11078219463446454000000000000000000000000 -0.076336161537341241000000000000000000000000 -0.00037897978029808129000000000000000000000000 -0.078094052625937979000000000000000000000000 -0.076939862290015065000000000000000000000000 -0.10743155714621189000000000000000000000000 -0.078124482667457848000000000000000000000000 0.92409905606304321000000000000000000000000 -0.075019616877331691000000000000000000000000 -0.075507489640791126000000000000000000000000 -0.10765391928389564000000000000000000000000 -0.081106397876109321000000000000000000000000 -0.10434618106376664000000000000000000000000 -0.077090584111362936000000000000000000000000 -0.07495446533912474000000000000000000000000 0.030609794008390239000000000000000000000000 -0.00094551155626183272000000000000000000000000 -0.00047075027193694971000000000000000000000000 -0.00023376838079627085000000000000000000000000 -1.0805477478331083000000000000000000000000 / -1.0838207319427464000000000000000000000000
0.0059026114704640595000000000000000000000000 -0.073346571623451234000000000000000000000000 -0.083963310563602428000000000000000000000000 -0.096121040608088376000000000000000000000000 -0.081004017197439673000000000000000000000000 -0.076584534712446084000000000000000000000000 0.035096342590923514000000000000000000000000 -0.080542529340884628000000000000000000000000 -0.079880514097997762000000000000000000000000 -0.074767377777517047000000000000000000000000 -0.073192320263634217000000000000000000000000 -0.078952995132485118000000000000000000000000 -0.11067665681838541000000000000000000000000 -0.076274633451703835000000000000000000000000 -0.00037763771277430378000000000000000000000000 -0.078030899270987233000000000000000000000000 -0.076877778760876064000000000000000000000000 -0.10728485865315097000000000000000000000000 -0.078061300960726263000000000000000000000000 -0.07583981461225861000000000000000000000000 0.92504070900028024000000000000000000000000 -0.075446719656278624000000000000000000000000 -0.10755565041154222000000000000000000000000 -0.081040398559002039000000000000000000000000 -0.1041925818691959000000000000000000000000 -0.077028361476255983000000000000000000000000 -0.07489419864935816000000000000000000000000 0.030887204692662557000000000000000000000000 -0.00094289506140100517000000000000000000000000 -0.00046927092142721988000000000000000000000000 -0.00023285467988190783000000000000000000000000 -1.0805356635270078000000000000000000000000 / -1.083791857799173000000000000000000000000
0.0057579011587585785000000000000000000000000 -0.073379121638598541000000000000000000000000 -0.084001370530201916000000000000000000000000 -0.096166278291410542000000000000000000000000 -0.081040486097777392000000000000000000000000 -0.076618711618224367000000000000000000000000 0.034939145943109574000000000000000000000000 -0.080578754432848607000000000000000000000000 -0.07991639136264593000000000000000000000000 -0.074800637082078611000000000000000000000000 -0.073224793651938513000000000000000000000000 -0.07898838876483312000000000000000000000000 -0.1107349615067787000000000000000000000000 -0.076308652956573214000000000000000000000000 -0.00037837907147461857000000000000000000000000 -0.078065816195616103000000000000000000000000 -0.07691210497293724000000000000000000000000 -0.10736589990361491000000000000000000000000 -0.078096233539506524000000000000000000000000 -0.075873613921259672000000000000000000000000 -0.074992646628793735000000000000000000000000 0.92451967946701763000000000000000000000000 -0.10760994390719816000000000000000000000000 -0.081076886727532535000000000000000000000000 -0.10427743783584933000000000000000000000000 -0.077062764498857794000000000000000000000000 -0.074927521592822427000000000000000000000000 0.030733958067364748000000000000000000000000 -0.00094434065006135999000000000000000000000000 -0.00047008819729112388000000000000000000000000 -0.00023335938650502174000000000000000000000000 -1.0805423880363416000000000000000000000000 / -1.0838078562235682000000000000000000000000
-0.0087233832854284009000000000000000000000000 -0.076186177157593557000000000000000000000000 -0.087322675453802651000000000000000000000000 -0.10018387372636539000000000000000000000000 -0.084211386139328603000000000000000000000000 -0.079575667952804005000000000000000000000000 0.019034426235240459000000000000000000000000 -0.08372674292763306000000000000000000000000 -0.083031756319831188000000000000000000000000 -0.077672847618441287000000000000000000000000 -0.076024828437585762000000000000000000000000 -0.082058516269744211000000000000000000000000 -0.11606341866471327000000000000000000000000 -0.07925103566355228000000000000000000000000 -0.00045126708895654107000000000000000000000000 -0.08109149497042023000000000000000000000000 -0.079882899561933687000000000000000000000000 -0.11497728532263599000000000000000000000000 -0.081123369698119049000000000000000000000000 -0.078795634438231205000000000000000000000000 -0.077873729061602892000000000000000000000000 -0.078384016912252774000000000000000000000000 0.8874659461097999000000000000000000000000 -0.084249599019964747000000000000000000000000 -0.11227359040125361000000000000000000000000 -0.080040683522788619000000000000000000000000 -0.077805592907539037000000000000000000000000 0.015244303647511556000000000000000000000000 -0.0010840361826017298000000000000000000000000 -0.00054964237146618521000000000000000000000000 -0.00028323535318505716000000000000000000000000 -1.0809854356909865000000000000000000000000 / -1.0851696090804819000000000000000000000000
0.0040358775334147085000000000000000000000000 -0.073760973344169561000000000000000000000000 -0.084449304217929982000000000000000000000000 -0.096701018144383588000000000000000000000000 -0.08146928060751138000000000000000000000000 -0.077020015255252372000000000000000000000000 0.033063807371090145000000000000000000000000 -0.081004620037715677000000000000000000000000 -0.080338080318765284000000000000000000000000 -0.075190962886839754000000000000000000000000 -0.073605730488460946000000000000000000000000 -0.079404274018705118000000000000000000000000 -0.11142819256192471000000000000000000000000 -0.076708072329761068000000000000000000000000 -0.00038721864909215035000000000000000000000000 -0.078475985093390849000000000000000000000000 -0.077315196417577073000000000000000000000000 -0.10833046594696319000000000000000000000000 -0.078506590083435787000000000000000000000000 -0.076270398119175145000000000000000000000000 -0.075384124037596645000000000000000000000000 -0.075874730828290562000000000000000000000000 -0.1082546322240274000000000000000000000000 0.91849408724597359000000000000000000000000 -0.10528706147617548000000000000000000000000 -0.077466775848347616000000000000000000000000 -0.075318608209200014000000000000000000000000 0.028906215532258226000000000000000000000000 -0.00096153209507051501000000000000000000000000 -0.00047981760857662286000000000000000000000000 -0.00023938153979025941000000000000000000000000 -1.0806141650635961000000000000000000000000 / -1.0839903533779023000000000000000000000000
-0.057680341617872229000000000000000000000000 -0.082035545700105059000000000000000000000000 -0.094082099737975988000000000000000000000000 -0.1081952727554865000000000000000000000000 -0.090704999352349838000000000000000000000000 -0.085691285005303597000000000000000000000000 -0.034631055350743623000000000000000000000000 -0.0901798999928555000000000000000000000000 -0.089427311392186418000000000000000000000000 -0.083638205992961512000000000000000000000000 -0.081861666649826179000000000000000000000000 -0.088374188890025462000000000000000000000000 -0.12681009985424166000000000000000000000000 -0.085340849714126851000000000000000000000000 -0.00066585509545412217000000000000000000000000 -0.087328645518755132000000000000000000000000 -0.086023006442611682000000000000000000000000 -0.13312443543103042000000000000000000000000 -0.087363095617770531000000000000000000000000 -0.084849373907980363000000000000000000000000 -0.083854845377447876000000000000000000000000 -0.084405266883666688000000000000000000000000 -0.12235140357811772000000000000000000000000 -0.090746412397826867000000000000000000000000 0.86799688382305118000000000000000000000000 -0.086193394782703686000000000000000000000000 -0.083781361828569864000000000000000000000000 -0.037080077642036108000000000000000000000000 -0.0014841960843673171000000000000000000000000 -0.0007798506294782137000000000000000000000000 -0.00043149341061165706000000000000000000000000 -1.0853462582712197000000000000000000000000 / -1.0922807760133133000000000000000000000000
0.0052832887775906608000000000000000000000000 -0.073485413725586715000000000000000000000000 -0.084125794849594412000000000000000000000000 -0.096314391285269432000000000000000000000000 -0.081159669066378504000000000000000000000000 -0.076730351801372471000000000000000000000000 0.03442313026790314000000000000000000000000 -0.080697134608659626000000000000000000000000 -0.080033626416218001000000000000000000000000 -0.074909260197407526000000000000000000000000 -0.073330833969622491000000000000000000000000 -0.079104031945995842000000000000000000000000 -0.1109262371883064000000000000000000000000 -0.076419775493354283000000000000000000000000 -0.00038081271113820237000000000000000000000000 -0.078179890701468149000000000000000000000000 -0.077024236224189552000000000000000000000000 -0.10763182526751068000000000000000000000000 -0.078210359551124889000000000000000000000000 -0.075984012375065524000000000000000000000000 -0.075101586383197805000000000000000000000000 -0.075590066548743437000000000000000000000000 -0.10778798146845005000000000000000000000000 -0.081196133145195359000000000000000000000000 -0.10455583978965736000000000000000000000000 0.92282485160406968000000000000000000000000 -0.075036353900701194000000000000000000000000 0.030230954215714041000000000000000000000000 -0.00094908194665502211000000000000000000000000 -0.00047276962932626992000000000000000000000000 -0.00023501656079562869000000000000000000000000 -1.0805636300989232000000000000000000000000 / -1.0838595550953269000000000000000000000000
0.0059218865424491597000000000000000000000000 -0.073342231356769427000000000000000000000000 -0.083958237131687569000000000000000000000000 -0.096115012834526281000000000000000000000000 -0.080999155416557000000000000000000000000 -0.07657997790609275000000000000000000000000 0.035117275870443498000000000000000000000000 -0.080537699996554496000000000000000000000000 -0.079875731030939146000000000000000000000000 -0.074762943097304801000000000000000000000000 -0.073187990197404254000000000000000000000000 -0.078948276414909507000000000000000000000000 -0.11066889203731128000000000000000000000000 -0.076270097593043901000000000000000000000000 -0.00037753899195677623000000000000000000000000 -0.078026243985968441000000000000000000000000 -0.076873202084569089000000000000000000000000 -0.10727406632207867000000000000000000000000 -0.078056643592635408000000000000000000000000 -0.075835308059210807000000000000000000000000 -0.074954843498579934000000000000000000000000 -0.075442239513214895000000000000000000000000 -0.10754841897586105000000000000000000000000 -0.081035534214703428000000000000000000000000 -0.10418128102982549000000000000000000000000 -0.07702377457803769000000000000000000000000 0.92511024450130486000000000000000000000000 0.030907612462355245000000000000000000000000 -0.00094270252013963645000000000000000000000000 -0.00046916207603868123000000000000000000000000 -0.00023278747624396563000000000000000000000000 -1.0805347587534355000000000000000000000000 / -1.0837897182442633000000000000000000000000
-0.21854403967107741000000000000000000000000 -0.097788904720298234000000000000000000000000 -0.1123228329335656000000000000000000000000 -0.12990685802989696000000000000000000000000 -0.10821673931817788000000000000000000000000 -0.10217023977195609000000000000000000000000 -0.21419905517255269000000000000000000000000 -0.1075809027860383000000000000000000000000 -0.10667073571983925000000000000000000000000 -0.099707547938748559000000000000000000000000 -0.097580896893730049000000000000000000000000 -0.10539925084605203000000000000000000000000 -0.15624465592041087000000000000000000000000 -0.1017494354054011000000000000000000000000 -0.0013870320309071129000000000000000000000000 -0.10413924001795008000000000000000000000000 -0.10256876178642443000000000000000000000000 -0.18443299330706928000000000000000000000000 -0.10418072162874061000000000000000000000000 -0.10115959984006373000000000000000000000000 -0.099967127222146873000000000000000000000000 -0.1006269279112661000000000000000000000000 -0.14915027073273646000000000000000000000000 -0.1082669142001304000000000000000000000000 -0.18820105363329415000000000000000000000000 -0.1027735359784253000000000000000000000000 -0.099879071809394038000000000000000000000000 0.78856011151830896000000000000000000000000 -0.0028050369562515193000000000000000000000000 -0.0015545967175902308000000000000000000000000 -0.00092981852926487358000000000000000000000000 -1.0748747055080066000000000000000000000000 / -1.0909266011089254000000000000000000000000
-2.7686611917153052000000000000000000000000 -0.73028444733145625000000000000000000000000 -0.80350457383958229000000000000000000000000 -0.89509437971609829000000000000000000000000 -0.78286122385570933000000000000000000000000 -0.7525029468363843000000000000000000000000 -2.9010458344954428000000000000000000000000 -0.77967122132629485000000000000000000000000 -0.77510597900080225000000000000000000000000 -0.74005793998913993000000000000000000000000 -0.7292193956608648000000000000000000000000 -0.76872823464175533000000000000000000000000 -1.0857163524290248000000000000000000000000 -0.7503823251582098000000000000000000000000 -0.0089659991359199321000000000000000000000000 -0.76240418046174796000000000000000000000000 -0.75450954572962714000000000000000000000000 -1.5403513156458504000000000000000000000000 -0.76261248563377548000000000000000000000000 -0.74740628393105357000000000000000000000000 -0.74137420043715663000000000000000000000000 -0.74471455613176407000000000000000000000000 -1.0211632256492353000000000000000000000000 -0.78311299372072718000000000000000000000000 -1.6230697882916068000000000000000000000000 -0.7555400118102984000000000000000000000000 -0.74092783354732095000000000000000000000000 -2.8572711916689015000000000000000000000000 0.97905547109272306000000000000000000000000 -0.011047585968957394000000000000000000000000 -0.0058379316629174624000000000000000000000000 0.90672942911806276000000000000000000000000 / 0.80699202454697416000000000000000000000000
-0.027108054148778558000000000000000000000000 0.15079747802806112000000000000000000000000 0.146974077518918000000000000000000000000 0.13664790002364838000000000000000000000000 0.14847970085322312000000000000000000000000 0.15009192912754357000000000000000000000000 0.00052703157600255085000000000000000000000000 0.14868329799240823000000000000000000000000 0.1489608934983187000000000000000000000000 0.15053770759093968000000000000000000000000 0.15082092878852463000000000000000000000000 0.14932131206867594000000000000000000000000 0.099624989171381781000000000000000000000000 0.15017689849366436000000000000000000000000 -0.027488224210257355000000000000000000000000 0.1496468414240659000000000000000000000000 0.15000814815642713000000000000000000000000 -0.024652087975427846000000000000000000000000 0.14963662797490376000000000000000000000000 0.15028992698710861000000000000000000000000 0.1504966165139297000000000000000000000000 0.15038587811717682000000000000000000000000 0.11417295700316422000000000000000000000000 0.14846329654584314000000000000000000000000 -0.04380851332369446000000000000000000000000 0.14996384977091096000000000000000000000000 0.1505107127720339000000000000000000000000 -0.0070950489680903523000000000000000000000000 -0.041616589621259095000000000000000000000000 0.97371660433035323000000000000000000000000 -0.01967095841193045000000000000000000000000 -0.28615260514837515000000000000000000000000 / -0.59457723343931557000000000000000000000000
0.30918307020510355000000000000000000000000 0.031052320803040916000000000000000000000000 0.037303693015324692000000000000000000000000 0.047629805204719558000000000000000000000000 0.035389027440766871000000000000000000000000 0.032800614123618357000000000000000000000000 0.14199677076423808000000000000000000000000 0.035104760884257673000000000000000000000000 0.034703162092049093000000000000000000000000 0.031808329271811341000000000000000000000000 0.030971028771470441000000000000000000000000 0.03415218344611131000000000000000000000000 0.084805004321155231000000000000000000000000 0.032628968109126966000000000000000000000000 0.022548207068234412000000000000000000000000 0.033617070058783019000000000000000000000000 0.03296405192416528000000000000000000000000 0.24193782333959032000000000000000000000000 0.033634522421182755000000000000000000000000 0.032389907986652103000000000000000000000000 0.031911627140406823000000000000000000000000 0.032175469197657271000000000000000000000000 0.069488984676597865000000000000000000000000 0.035411592211770281000000000000000000000000 0.27561312720955167000000000000000000000000 0.033048375831380906000000000000000000000000 0.031876555417257542000000000000000000000000 0.18240184689215419000000000000000000000000 0.033885004894993492000000000000000000000000 0.021514843300685149000000000000000000000000 1.0161261953029728000000000000000000000000 -0.36145710857609337000000000000000000000000 / -0.12982677914311305000000000000000000000000
0.011343678385136361000000000000000000000000 -0.0030104824950940483000000000000000000000000 -0.0034261635618922344000000000000000000000000 -0.0038052179115157037000000000000000000000000 -0.0033163572522228583000000000000000000000000 -0.0031430644171062888000000000000000000000000 0.014433180050640624000000000000000000000000 -0.0032987544365508628000000000000000000000000 -0.0032732900276565831000000000000000000000000 -0.0030691301016261799000000000000000000000000 -0.0030040782880284482000000000000000000000000 -0.0032372053750586013000000000000000000000000 -0.0037650780259037625000000000000000000000000 -0.0031305517792526911000000000000000000000000 0.00028002490704629888000000000000000000000000 -0.0032008815882793749000000000000000000000000 -0.0031548653487098711000000000000000000000000 -0.0013369405412697942000000000000000000000000 -0.003202086081793573000000000000000000000000 -0.0031129261204136511000000000000000000000000 -0.0030769995666161771000000000000000000000000 -0.0030969248032836046000000000000000000000000 -0.0039028658956951402000000000000000000000000 -0.0033177396942905817000000000000000000000000 -0.00079656438237334884000000000000000000000000 -0.0031609100686026208000000000000000000000000 -0.0030743319397313561000000000000000000000000 0.013813738248912832000000000000000000000000 0.00047260128894892881000000000000000000000000 0.00028829824373035809000000000000000000000000 0.00019601461321483533000000000000000000000000 0.92078853961765272000000000000000000000000 / -0.076121491871580682000000000000000000000000
/
