3
66
2 32
2 1
/
2
1
0.73236083984375000000000000000000000000 / -0.20587158203125000000000000000000000000
0.591094970703125000000000000000000000000 / 0.1712646484375000000000000000000000000
/
32
2
-1.6921896543881236000000000000000000000000 0.5658543710799151000000000000000000000000 / 1.5623042793742905000000000000000000000000
0.48603615893162438000000000000000000000000 -0.92309467403206091000000000000000000000000 / -1.1920592997605606000000000000000000000000
0.62832564124265333000000000000000000000000 -1.0930622519518971000000000000000000000000 / -0.83173945569455254000000000000000000000000
0.60312233124892922000000000000000000000000 -1.1016033810740657000000000000000000000000 / -0.59113928654174774000000000000000000000000
0.56914454259273062000000000000000000000000 -1.0261036108130532000000000000000000000000 / -0.9520596768432853000000000000000000000000
0.11611032724725409000000000000000000000000 -0.56158300777047887000000000000000000000000 / -1.4955339111896095000000000000000000000000
-1.6618720747325373000000000000000000000000 0.3784181505531965000000000000000000000000 / 2.1639169342701097000000000000000000000000
0.36313050630293098000000000000000000000000 -0.81888473751074831000000000000000000000000 / -1.1675499117824331000000000000000000000000
0.39649963221988749000000000000000000000000 -0.85052848911332313000000000000000000000000 / -1.1477544396925874000000000000000000000000
0.52528612805107133000000000000000000000000 -0.9660444619318046000000000000000000000000 / -1.1235632559985018000000000000000000000000
0.34475665051317855000000000000000000000000 -0.78141225051986984000000000000000000000000 / -1.3365265670486781000000000000000000000000
0.15827089770037456000000000000000000000000 -0.60988744715027277000000000000000000000000 / -1.4049686475850209000000000000000000000000
-0.039481957069131671000000000000000000000000 -0.51886828490999171000000000000000000000000 / -0.73945712862210655000000000000000000000000
0.059458886155748729000000000000000000000000 -0.50412819650695417000000000000000000000000 / -1.5585211646939556000000000000000000000000
-1.7244401843547745000000000000000000000000 -2.1174781106716694000000000000000000000000 / -0.18957723295751575000000000000000000000000
0.34264908299389085000000000000000000000000 -0.79187185702651375000000000000000000000000 / -1.2394403736141606000000000000000000000000
0.3553650935849908000000000000000000000000 -0.80159791457541907000000000000000000000000 / -1.250285762066663000000000000000000000000
-0.32644844802893669000000000000000000000000 -0.32996430158723355000000000000000000000000 / 0.013604507769826581000000000000000000000000
0.06807285517128317000000000000000000000000 -0.51737449952794556000000000000000000000000 / -1.5133953527461008000000000000000000000000
0.2167912514024532000000000000000000000000 -0.66033311091735847000000000000000000000000 / -1.4100833466948091000000000000000000000000
-0.074072540498286613000000000000000000000000 -0.36718431961812936000000000000000000000000 / -1.7189845818542167000000000000000000000000
0.065231959832611625000000000000000000000000 -0.50775411439821372000000000000000000000000 / -1.5696901757933261000000000000000000000000
0.14020365119415212000000000000000000000000 -0.68017193646197871000000000000000000000000 / -0.71762290210925739000000000000000000000000
0.11848523737137595000000000000000000000000 -0.5755393675783782000000000000000000000000 / -1.4019713822935043000000000000000000000000
-0.32843806832554778000000000000000000000000 -0.34081615621565509000000000000000000000000 / 0.19733870898489311000000000000000000000000
-0.04015922105911824000000000000000000000000 -0.40646394207974695000000000000000000000000 / -1.6427329436768754000000000000000000000000
0.43930728939529673000000000000000000000000 -0.88039508603162697000000000000000000000000 / -1.20693992425505000000000000000000000000
-1.4144625428159678000000000000000000000000 0.17051584873421233000000000000000000000000 / 2.2581656474095517000000000000000000000000
-0.53932197288557437000000000000000000000000 -1.8987539246613936000000000000000000000000 / -1.2265584166195689000000000000000000000000
-0.81430143294965485000000000000000000000000 -2.0892866976613269000000000000000000000000 / -1.1919774522116751000000000000000000000000
-2.4862869499120692000000000000000000000000 -2.0347386213955438000000000000000000000000 / 0.090250721094649364000000000000000000000000
1.8118589817911055000000000000000000000000 0.73938451308792807000000000000000000000000 / 0.16605092192182622000000000000000000000000
/
32
32
0.79339981228678247000000000000000000000000 -0.096821502731065698000000000000000000000000 -0.1112004145896775000000000000000000000000 -0.12855621999171948000000000000000000000000 -0.10714058776068669000000000000000000000000 -0.10115843313553943000000000000000000000000 -0.19962726927893792000000000000000000000000 -0.10651171795925565000000000000000000000000 -0.10561143634309089000000000000000000000000 -0.098720883541603494000000000000000000000000 -0.096615568989542933000000000000000000000000 -0.10435359548003383000000000000000000000000 -0.15437915611388278000000000000000000000000 -0.10074196261391062000000000000000000000000 -0.0013211446651847174000000000000000000000000 -0.10310692392587932000000000000000000000000 -0.10155283533115769000000000000000000000000 -0.18121955014996274000000000000000000000000 -0.10314796915306107000000000000000000000000 -0.10015817448737298000000000000000000000000 -0.098977836556299506000000000000000000000000 -0.099630937690338484000000000000000000000000 -0.14745859838551589000000000000000000000000 -0.10719021071809345000000000000000000000000 -0.18470599372077751000000000000000000000000 -0.10175548662945751000000000000000000000000 -0.098890672620261771000000000000000000000000 -0.19746563054600594000000000000000000000000 -0.0026876688564922671000000000000000000000000 -0.0014831194094207217000000000000000000000000 -0.00088448105377183855000000000000000000000000 -1.0798226205078307000000000000000000000000 / -1.095089139276521000000000000000000000000
0.0089712189332496022000000000000000000000000 0.92696778260285828000000000000000000000000 -0.083591971162377612000000000000000000000000 -0.095670929369202171000000000000000000000000 -0.080649354246987631000000000000000000000000 -0.076253548678246255000000000000000000000000 0.038406466922617823000000000000000000000000 -0.080190402850291748000000000000000000000000 -0.079531998209310464000000000000000000000000 -0.074445784634894471000000000000000000000000 -0.072878747291118193000000000000000000000000 -0.078609484656640166000000000000000000000000 -0.11005272793956791000000000000000000000000 -0.075945261406571776000000000000000000000000 -0.00037020315064740871000000000000000000000000 -0.077692306719031157000000000000000000000000 -0.076545260541842047000000000000000000000000 -0.10613393013639331000000000000000000000000 -0.077722547149196186000000000000000000000000 -0.075512698397999553000000000000000000000000 -0.074636713528452969000000000000000000000000 -0.075121634390326347000000000000000000000000 -0.10699131476513327000000000000000000000000 -0.080685534949244117000000000000000000000000 -0.10291687440257896000000000000000000000000 -0.076695054553847911000000000000000000000000 -0.074571955227294859000000000000000000000000 0.034131260297451942000000000000000000000000 -0.00092858728811413783000000000000000000000000 -0.00046156825696633713000000000000000000000000 -0.0002276022022568081000000000000000000000000 -1.0821584662843344000000000000000000000000 / -1.0853079159437464000000000000000000000000
0.0056339080907061483000000000000000000000000 -0.073763884934525417000000000000000000000000 0.91554914728844616000000000000000000000000 -0.096697212727842555000000000000000000000000 -0.081471371341333657000000000000000000000000 -0.077022643312566821000000000000000000000000 0.034769581262312076000000000000000000000000 -0.081006779946142374000000000000000000000000 -0.080340333267610364000000000000000000000000 -0.075193755086745154000000000000000000000000 -0.073608654930384348000000000000000000000000 -0.07940664610668581000000000000000000000000 -0.11138543122679247000000000000000000000000 -0.07671072986677123000000000000000000000000 -0.00038736291789377518000000000000000000000000 -0.078478464174540727000000000000000000000000 -0.077317795866038791000000000000000000000000 -0.10799381883641325000000000000000000000000 -0.078509065801111069000000000000000000000000 -0.076273095846175254000000000000000000000000 -0.075386899725000234000000000000000000000000 -0.075877463860476474000000000000000000000000 -0.10823006881845136000000000000000000000000 -0.081507997876374458000000000000000000000000 -0.10486458265194659000000000000000000000000 -0.077469360316489391000000000000000000000000 -0.075321389513152176000000000000000000000000 0.0305867301086402000000000000000000000000 -0.0009618912611615262000000000000000000000000 -0.00048041559024397592000000000000000000000000 -0.00023930589603136953000000000000000000000000 -1.0821882026351739000000000000000000000000 / -1.0855529344829284000000000000000000000000
0.00090117333670852826000000000000000000000000 -0.074726024464429663000000000000000000000000 -0.085591384606713117000000000000000000000000 0.90192143745571773000000000000000000000000 -0.082559753316058179000000000000000000000000 -0.07803679969135531000000000000000000000000 0.029573776098368556000000000000000000000000 -0.082087215089415508000000000000000000000000 -0.081409451938499272000000000000000000000000 -0.076178503236541323000000000000000000000000 -0.074568358463334553000000000000000000000000 -0.080460070942287465000000000000000000000000 -0.11321445374774511000000000000000000000000 -0.077719828991815995000000000000000000000000 -0.00041151919794619828000000000000000000000000 -0.079516467037248142000000000000000000000000 -0.078336754254485857000000000000000000000000 -0.11057419485957018000000000000000000000000 -0.079547574342731422000000000000000000000000 -0.077275128934648191000000000000000000000000 -0.076374726551745792000000000000000000000000 -0.076873138124695609000000000000000000000000 -0.10992209941158962000000000000000000000000 -0.082597008399840618000000000000000000000000 -0.10756840648046902000000000000000000000000 -0.078490790925659623000000000000000000000000 -0.076308171435860911000000000000000000000000 0.025526393136510804000000000000000000000000 -0.0010082931261405285000000000000000000000000 -0.00050678358554518874000000000000000000000000 -0.00025583362509668336000000000000000000000000 -1.0821839885391287000000000000000000000000 / -1.0858535208977977000000000000000000000000
0.0066156819589164133000000000000000000000000 -0.073552938675938692000000000000000000000000 -0.084202296123404838000000000000000000000000 -0.096398693847821237000000000000000000000000 0.91876624976794763000000000000000000000000 -0.07680066994797069000000000000000000000000 0.035842524192363813000000000000000000000000 -0.08077082937568264000000000000000000000000 -0.080106763520075314000000000000000000000000 -0.074978009650304017000000000000000000000000 -0.073398226354147666000000000000000000000000 -0.079176381924236913000000000000000000000000 -0.11099509193678764000000000000000000000000 -0.076489826336341715000000000000000000000000 -0.00038231125770119234000000000000000000000000 -0.078251452661594417000000000000000000000000 -0.077094807107489033000000000000000000000000 -0.10744793659129188000000000000000000000000 -0.078281947565487328000000000000000000000000 -0.076053687904745718000000000000000000000000 -0.075170501530860342000000000000000000000000 -0.075659402628747499000000000000000000000000 -0.10786782624722135000000000000000000000000 -0.081270244684646595000000000000000000000000 -0.10429304004489566000000000000000000000000 -0.077245848970652897000000000000000000000000 -0.075105212844885277000000000000000000000000 0.031632133627006759000000000000000000000000 -0.00095211875668011327000000000000000000000000 -0.00047487812350387583000000000000000000000000 -0.00023585721068342089000000000000000000000000 -1.0821838915918931000000000000000000000000 / -1.0854851403300945000000000000000000000000
0.0080012935499797593000000000000000000000000 -0.073248924619668115000000000000000000000000 -0.083845367356879946000000000000000000000000 -0.095972116722155845000000000000000000000000 -0.080892157000839973000000000000000000000000 0.92351890998068553000000000000000000000000 0.037352668092339184000000000000000000000000 -0.080431582264393869000000000000000000000000 -0.079770861672036009000000000000000000000000 -0.074667215475920659000000000000000000000000 -0.073094944187440933000000000000000000000000 -0.078845127875247695000000000000000000000000 -0.11044105671309258000000000000000000000000 -0.076171754610558348000000000000000000000000 -0.00037518198406278144000000000000000000000000 -0.077924775726575496000000000000000000000000 -0.076773796107535736000000000000000000000000 -0.10667495375067811000000000000000000000000 -0.077955120392906113000000000000000000000000 -0.075737725292352925000000000000000000000000 -0.074858785834739427000000000000000000000000 -0.075345339881143905000000000000000000000000 -0.10735285900513293000000000000000000000000 -0.080928465995139143000000000000000000000000 -0.1034836239162833000000000000000000000000 -0.076924101594172969000000000000000000000000 -0.074793809866985736000000000000000000000000 0.033103911144311458000000000000000000000000 -0.0009382821191460057000000000000000000000000 -0.00046704782599727823000000000000000000000000 -0.00023099479654349684000000000000000000000000 -1.0821720075242081000000000000000000000000 / -1.0853838139535659000000000000000000000000
-0.22615487506500778000000000000000000000000 -0.098535075547299247000000000000000000000000 -0.11319565235667507000000000000000000000000 -0.13095723642284213000000000000000000000000 -0.10905233820804733000000000000000000000000 -0.10295323328916844000000000000000000000000 0.77713762432926947000000000000000000000000 -0.10841085319913399000000000000000000000000 -0.10749265128468953000000000000000000000000 -0.10046973664330218000000000000000000000000 -0.0983253395372089000000000000000000000000 -0.10621003833407887000000000000000000000000 -0.15768614882379109000000000000000000000000 -0.1025288519001636000000000000000000000000 -0.0014232113186799554000000000000000000000000 -0.10493910555475172000000000000000000000000 -0.10335515194060196000000000000000000000000 -0.1869557909466141000000000000000000000000 -0.10498094512270188000000000000000000000000 -0.10193401839167686000000000000000000000000 -0.1007314948977968000000000000000000000000 -0.10139684822416405000000000000000000000000 -0.15045909852265896000000000000000000000000 -0.10910296008221408000000000000000000000000 -0.19096175352883812000000000000000000000000 -0.10356167493580518000000000000000000000000 -0.10064269998404556000000000000000000000000 -0.21982518634800668000000000000000000000000 -0.0028712955276172627000000000000000000000000 -0.0015931235806183625000000000000000000000000 -0.00095494950070664647000000000000000000000000 -1.0732159466037341000000000000000000000000 / -1.0897206687517706000000000000000000000000
0.0067645380113654707000000000000000000000000 -0.073520625762693498000000000000000000000000 -0.084164284102870607000000000000000000000000 -0.096353142540142073000000000000000000000000 -0.081197392855550846000000000000000000000000 -0.07676668359876071000000000000000000000000 0.036005002894800388000000000000000000000000 0.91926527506594047000000000000000000000000 -0.080071019635204368000000000000000000000000 -0.074944968161422959000000000000000000000000 -0.073365992056780044000000000000000000000000 -0.079141138795793695000000000000000000000000 -0.11093571373315557000000000000000000000000 -0.076456002246483079000000000000000000000000 -0.00038154504874584314000000000000000000000000 -0.078216702455091588000000000000000000000000 -0.077060666774275741000000000000000000000000 -0.10736500034458056000000000000000000000000 -0.078247181182978284000000000000000000000000 -0.076020090681288441000000000000000000000000 -0.075137360977417328000000000000000000000000 -0.075626009722044377000000000000000000000000 -0.10781268179712646000000000000000000000000 -0.081233867311571353000000000000000000000000 -0.10420620368786115000000000000000000000000 -0.077211629394330586000000000000000000000000 -0.075072105910045733000000000000000000000000 0.03179046090737371000000000000000000000000 -0.00095063423924177646000000000000000000000000 -0.00047403745341005512000000000000000000000000 -0.00023533437066879169000000000000000000000000 -1.0821829697661494000000000000000000000000 / -1.0854745975329791000000000000000000000000
0.00697623754825421000000000000000000000000 -0.073474523598759778000000000000000000000000 -0.08411008064016115000000000000000000000000 -0.096288237071251365000000000000000000000000 -0.081145540306674924000000000000000000000000 -0.076718201430014898000000000000000000000000 0.036235979465246752000000000000000000000000 -0.080683231834569866000000000000000000000000 0.91997996103404789000000000000000000000000 -0.074897829667016094000000000000000000000000 -0.073320001728845383000000000000000000000000 -0.079090869886185911000000000000000000000000 -0.11085119377826629000000000000000000000000 -0.076407750801012447000000000000000000000000 -0.0003804553768563793000000000000000000000000 -0.078167134255954104000000000000000000000000 -0.077011965658317416000000000000000000000000 -0.10724699017222435000000000000000000000000 -0.078197589987550137000000000000000000000000 -0.075972161842946292000000000000000000000000 -0.075090081588704033000000000000000000000000 -0.075578371441422224000000000000000000000000 -0.10773416929367155000000000000000000000000 -0.081181986346205312000000000000000000000000 -0.10408264178238172000000000000000000000000 -0.077162815607355204000000000000000000000000 -0.075024874334882169000000000000000000000000 0.032015545140488627000000000000000000000000 -0.00094852196687413676000000000000000000000000 -0.00047284152593308668000000000000000000000000 -0.00023459091624604295000000000000000000000000 -1.082181523298489000000000000000000000000 / -1.0854594719601638000000000000000000000000
0.0085492030653628454000000000000000000000000 -0.073126847751048676000000000000000000000000 -0.083702511426438003000000000000000000000000 -0.095802140705849761000000000000000000000000 -0.080755305020500753000000000000000000000000 -0.07635288165776051000000000000000000000000 0.037948313028171747000000000000000000000000 -0.08029565003996289000000000000000000000000 -0.07963624148716511000000000000000000000000 0.92545753419578447000000000000000000000000 -0.072973156033876607000000000000000000000000 -0.078712331758419476000000000000000000000000 -0.11022160422541852000000000000000000000000 -0.076044139608989772000000000000000000000000 -0.00037236758624941232000000000000000000000000 -0.077793777284643151000000000000000000000000 -0.076645024872713352000000000000000000000000 -0.1063691761036127000000000000000000000000 -0.077824062923209203000000000000000000000000 -0.075610940320564715000000000000000000000000 -0.074733673137829831000000000000000000000000 -0.075219302850581107000000000000000000000000 -0.10714860433732731000000000000000000000000 -0.080791541323405935000000000000000000000000 -0.10316334123275675000000000000000000000000 -0.076795040778911486000000000000000000000000 -0.07466882035597866000000000000000000000000 0.033684570391516441000000000000000000000000 -0.00093280508924646675000000000000000000000000 -0.00046395152276879808000000000000000000000000 -0.0002290767447174304000000000000000000000000 -1.0821649646114124000000000000000000000000 / -1.0853415107347184000000000000000000000000
0.0090167648159523474000000000000000000000000 -0.073021977015768263000000000000000000000000 -0.083580019701591249000000000000000000000000 -0.09565675972805536000000000000000000000000 -0.080637895974945986000000000000000000000000 -0.076242802116138333000000000000000000000000 0.038455879452371715000000000000000000000000 -0.080179020212826357000000000000000000000000 -0.079520723504323279000000000000000000000000 -0.07443532346115346000000000000000000000000 0.92713146922697398000000000000000000000000 -0.078598360082939828000000000000000000000000 -0.11003451849430639000000000000000000000000 -0.075934563779241349000000000000000000000000 -0.00036996975607992056000000000000000000000000 -0.07768133019464589000000000000000000000000 -0.076534467568777242000000000000000000000000 -0.10610856455537665000000000000000000000000 -0.077711565762075413000000000000000000000000 -0.075502069241255187000000000000000000000000 -0.0746262223833037000000000000000000000000 -0.075111066950177122000000000000000000000000 -0.10697434907944987000000000000000000000000 -0.080674070700502254000000000000000000000000 -0.10289029501127279000000000000000000000000 -0.076684237707423858000000000000000000000000 -0.074561474251938265000000000000000000000000 0.034179439787970896000000000000000000000000 -0.00092813218706636123000000000000000000000000 -0.00046131115990261822000000000000000000000000 -0.00022744322820640356000000000000000000000000 -1.0821577049700362000000000000000000000000 / -1.0853042339526326000000000000000000000000
0.007269364650964583000000000000000000000000 -0.073410406160953318000000000000000000000000 -0.084034755769851685000000000000000000000000 -0.096198136967810474000000000000000000000000 -0.081073465385889026000000000000000000000000 -0.076650789044704265000000000000000000000000 0.036555605082621317000000000000000000000000 -0.080611653983557227000000000000000000000000 -0.079949169812090909000000000000000000000000 -0.074832277240770767000000000000000000000000 -0.073256039173028406000000000000000000000000 0.92097901474598953000000000000000000000000 -0.11073403815197266000000000000000000000000 -0.076340657742987192000000000000000000000000 -0.00037894674157496811000000000000000000000000 -0.078098219034893002000000000000000000000000 -0.076944250262132335000000000000000000000000 -0.10708349086836522000000000000000000000000 -0.078128642949080854000000000000000000000000 -0.075905515314840522000000000000000000000000 -0.075024334100172826000000000000000000000000 -0.075512127115761427000000000000000000000000 -0.10762530345637147000000000000000000000000 -0.081109872131114161000000000000000000000000 -0.10391144467492459000000000000000000000000 -0.077094944287499495000000000000000000000000 -0.074959193041374689000000000000000000000000 0.032327035476323089000000000000000000000000 -0.00094559550496932062000000000000000000000000 -0.00047118507682313785000000000000000000000000 -0.00023356182264883642000000000000000000000000 -1.0821792438597524000000000000000000000000 / -1.085438260641761000000000000000000000000
-0.01043747530243427000000000000000000000000 -0.076599358928572781000000000000000000000000 -0.087806230750874001000000000000000000000000 -0.10076339040766427000000000000000000000000 -0.084674304911129553000000000000000000000000 -0.080009311043068007000000000000000000000000 0.017085253604652996000000000000000000000000 -0.08418652203342647000000000000000000000000 -0.083487066747745933000000000000000000000000 -0.078094918761451082000000000000000000000000 -0.076437052644522829000000000000000000000000 -0.082507633844888711000000000000000000000000 0.88317855206293994000000000000000000000000 -0.079682687842648647000000000000000000000000 -0.00046682848811050402000000000000000000000000 -0.08153453177421234000000000000000000000000 -0.080318433472442233000000000000000000000000 -0.11596343145482059000000000000000000000000 -0.081566605814148735000000000000000000000000 -0.079224505575918966000000000000000000000000 -0.078297011091277721000000000000000000000000 -0.078810385985524978000000000000000000000000 -0.11323807766837768000000000000000000000000 -0.084712766177953508000000000000000000000000 -0.11327865700112577000000000000000000000000 -0.080477191038724277000000000000000000000000 -0.078228463949186824000000000000000000000000 0.013363201860361469000000000000000000000000 -0.0011130090337490685000000000000000000000000 -0.0005666437988257302000000000000000000000000 -0.00029385412283794492000000000000000000000000 -1.0822951539054659000000000000000000000000 / -1.0866653959368069000000000000000000000000
0.0080954874552254304000000000000000000000000 -0.073228006588850175000000000000000000000000 -0.083820868909396828000000000000000000000000 -0.095942935538643928000000000000000000000000 -0.080868693861577037000000000000000000000000 -0.076459116288106463000000000000000000000000 0.037455132537829769000000000000000000000000 -0.080408277673241449000000000000000000000000 -0.07974778322609917000000000000000000000000 -0.074645837339678708000000000000000000000000 -0.073074075848596168000000000000000000000000 -0.078822363778941876000000000000000000000000 -0.11040332705352437000000000000000000000000 0.92385011692652541000000000000000000000000 -0.00037469785773352993000000000000000000000000 -0.077902321373893163000000000000000000000000 -0.076751725426857834000000000000000000000000 -0.10662237181744859000000000000000000000000 -0.077932655870520548000000000000000000000000 -0.075715996699845425000000000000000000000000 -0.074837345195370927000000000000000000000000 -0.075323740085076099000000000000000000000000 -0.10731775360483341000000000000000000000000 -0.080904990324676782000000000000000000000000 -0.10342855297858596000000000000000000000000 -0.076901981033782096000000000000000000000000 -0.074772390437184366000000000000000000000000 0.033203791377288308000000000000000000000000 -0.00093734056918701994000000000000000000000000 -0.00046651541827853244000000000000000000000000 -0.00023066479931949595000000000000000000000000 -1.0821709019357779000000000000000000000000 / -1.0853766409251442000000000000000000000000
0.02746999417584112000000000000000000000000 -0.068369267306672865000000000000000000000000 -0.078309601916821389000000000000000000000000 -0.089629066342726063000000000000000000000000 -0.075542059330616404000000000000000000000000 -0.071403718768410521000000000000000000000000 0.057875014270587201000000000000000000000000 -0.075110192455714167000000000000000000000000 -0.074490549443421233000000000000000000000000 -0.069700910070461586000000000000000000000000 -0.0682246910266541000000000000000000000000 -0.073622173039113586000000000000000000000000 -0.10263591003219803000000000000000000000000 -0.071113355183671165000000000000000000000000 0.99972796139622599000000000000000000000000 -0.07275863755273651000000000000000000000000 -0.071678458599518144000000000000000000000000 -0.095882360540004971000000000000000000000000 -0.072787111981687538000000000000000000000000 -0.070705921356964491000000000000000000000000 -0.069880767804807231000000000000000000000000 -0.070337558291252614000000000000000000000000 -0.10000923675997068000000000000000000000000 -0.075576102513859766000000000000000000000000 -0.092146465483751286000000000000000000000000 -0.07181953261318802000000000000000000000000 -0.069819764823713312000000000000000000000000 0.053184685313259539000000000000000000000000 -0.00073018348174555829000000000000000000000000 -0.00035079819005906824000000000000000000000000 -0.00016171860932762485000000000000000000000000 -1.0771724072111626000000000000000000000000 / -1.0791623352200284000000000000000000000000
0.0075570041497729362000000000000000000000000 -0.073347176222763572000000000000000000000000 -0.083960543152395595000000000000000000000000 -0.096109480332208674000000000000000000000000 -0.081002434818199687000000000000000000000000 -0.076584327402449512000000000000000000000000 0.036869021388644466000000000000000000000000 -0.080541110287028872000000000000000000000000 -0.079879320360296505000000000000000000000000 -0.074767639549226411000000000000000000000000 -0.073192961206262092000000000000000000000000 -0.078952100421365509000000000000000000000000 -0.11061895916657273000000000000000000000000 -0.076274509190099926000000000000000000000000 -0.00037746673598646483000000000000000000000000 0.92196971578157061000000000000000000000000 -0.076877491549301041000000000000000000000000 -0.10692297041758961000000000000000000000000 -0.078060676948554841000000000000000000000000 -0.075839804607652814000000000000000000000000 -0.074959505085554726000000000000000000000000 -0.075446810827639224000000000000000000000000 -0.10751832446671293000000000000000000000000 -0.081038803077496904000000000000000000000000 -0.10374335732755983000000000000000000000000 -0.07702803271573587000000000000000000000000 -0.074894428951881128000000000000000000000000 0.032632496326968755000000000000000000000000 -0.00094272224939852061000000000000000000000000 -0.00046955925869690784000000000000000000000000 -0.00023255249269535323000000000000000000000000 -1.0821766749303197000000000000000000000000 / -1.0854171265747197000000000000000000000000
0.0079118511116311012000000000000000000000000 -0.073268759683690704000000000000000000000000 -0.0838686049384577000000000000000000000000 -0.09599980804661068000000000000000000000000 -0.080914410423427161000000000000000000000000 -0.0765019280245854000000000000000000000000 0.037255348172143113000000000000000000000000 -0.08045368499177627000000000000000000000000 -0.07979274946463244000000000000000000000000 -0.074687487617952908000000000000000000000000 -0.073114732049634937000000000000000000000000 -0.078866716919799101000000000000000000000000 -0.11047688076128367000000000000000000000000 -0.076192495517138192000000000000000000000000 -0.00037564178422036022000000000000000000000000 -0.077946070422169111000000000000000000000000 0.92320527376937722000000000000000000000000 -0.10672488510909715000000000000000000000000 -0.077976424752409249000000000000000000000000 -0.075758330385783404000000000000000000000000 -0.07487911735575957000000000000000000000000 -0.075365822607909083000000000000000000000000 -0.10738618698775819000000000000000000000000 -0.08095073132848446000000000000000000000000 -0.1035359170648375000000000000000000000000 -0.076945079111988224000000000000000000000000 -0.074814121238464967000000000000000000000000 0.033009048060825608000000000000000000000000 -0.00093917612840088965000000000000000000000000 -0.00046755340062503472000000000000000000000000 -0.00023130823479503853000000000000000000000000 -1.0821730187699437000000000000000000000000 / -1.0853905885260009000000000000000000000000
-0.048740787194570451000000000000000000000000 -0.081087245732111776000000000000000000000000 -0.092989591292389415000000000000000000000000 -0.10690483963149973000000000000000000000000 -0.089654515477835164000000000000000000000000 -0.084700676775257708000000000000000000000000 -0.024863793642029692000000000000000000000000 -0.089135816879223201000000000000000000000000 -0.088392344423200458000000000000000000000000 -0.082671457118294212000000000000000000000000 -0.080915361556484988000000000000000000000000 -0.087351869924676237000000000000000000000000 -0.12507545556120894000000000000000000000000 -0.084354335844720213000000000000000000000000 -0.00063225868814679206000000000000000000000000 -0.086318766498820046000000000000000000000000 -0.085028513225460928000000000000000000000000 0.86993651842076158000000000000000000000000 -0.086352808466263281000000000000000000000000 -0.083868586168632339000000000000000000000000 -0.082885592328419772000000000000000000000000 -0.08342963820164874000000000000000000000000 -0.12077046750462242000000000000000000000000 -0.089695422271756253000000000000000000000000 -0.12864090006040929000000000000000000000000 -0.085196902415787187000000000000000000000000 -0.082812958505093209000000000000000000000000 -0.027551763070956851000000000000000000000000 -0.0014212094416050408000000000000000000000000 -0.00074360591771557144000000000000000000000000 -0.00040832849512088446000000000000000000000000 -1.0854227569244175000000000000000000000000 / -1.0919200699633043000000000000000000000000
0.0075475776608945637000000000000000000000000 -0.073349253209105569000000000000000000000000 -0.08396297978171767000000000000000000000000 -0.096112389391567132000000000000000000000000 -0.081004767290751539000000000000000000000000 -0.076586510261026225000000000000000000000000 0.036858753771549346000000000000000000000000 -0.08054342682002498000000000000000000000000 -0.079881614163165165000000000000000000000000 -0.074769762659241179000000000000000000000000 -0.073195033212939672000000000000000000000000 -0.078954362639021433000000000000000000000000 -0.11062273203058492000000000000000000000000 -0.076276681793466472000000000000000000000000 -0.00037751523017379293000000000000000000000000 -0.078032515325776208000000000000000000000000 -0.076879684138053947000000000000000000000000 -0.10692823190737961000000000000000000000000 0.92193709092285792000000000000000000000000 -0.075841962868806331000000000000000000000000 -0.074961634463486471000000000000000000000000 -0.075448956168452166000000000000000000000000 -0.10752183245231979000000000000000000000000 -0.081041136809995987000000000000000000000000 -0.10374886701994022000000000000000000000000 -0.077030230311064235000000000000000000000000 -0.074896556202822803000000000000000000000000 0.032622488981389662000000000000000000000000 -0.00094281643182218345000000000000000000000000 -0.00046961254332010451000000000000000000000000 -0.00023258556095757509000000000000000000000000 -1.0821767645665916000000000000000000000000 / -1.0854178244030346000000000000000000000000
0.0082271030247906031000000000000000000000000 -0.073198729012533034000000000000000000000000 -0.083786593757543687000000000000000000000000 -0.095902130881086484000000000000000000000000 -0.080835863268719416000000000000000000000000 -0.076428364599241516000000000000000000000000 0.037598260261769365000000000000000000000000 -0.08037566833778563000000000000000000000000 -0.079715489498509637000000000000000000000000 -0.074615917240378526000000000000000000000000 -0.073044867671362451000000000000000000000000 -0.078790508791295552000000000000000000000000 -0.1103506065775756000000000000000000000000 -0.076119274060416492000000000000000000000000 -0.00037402158234932527000000000000000000000000 -0.077870898737151084000000000000000000000000 -0.076720838388545265000000000000000000000000 -0.10654890639794316000000000000000000000000 -0.077901219037920702000000000000000000000000 0.92431441273705228000000000000000000000000 -0.074807337819758526000000000000000000000000 -0.075293510478680423000000000000000000000000 -0.10726869217563849000000000000000000000000 -0.080872142244672957000000000000000000000000 -0.10335160660588877000000000000000000000000 -0.076871024360852816000000000000000000000000 -0.074742412677379633000000000000000000000000 0.033343313684816293000000000000000000000000 -0.00093602490375868392000000000000000000000000 -0.00046577155202229476000000000000000000000000 -0.00023020386736664187000000000000000000000000 -1.0821692856796408000000000000000000000000 / -1.085366550465563000000000000000000000000
0.008491809527892016000000000000000000000000 -0.073139679048179904000000000000000000000000 -0.083717513452027686000000000000000000000000 -0.095819969455353621000000000000000000000000 -0.080769680345823158000000000000000000000000 -0.076366354033635495000000000000000000000000 0.037885961933554251000000000000000000000000 -0.080309929325004747000000000000000000000000 -0.079650383753321702000000000000000000000000 -0.07455557661592066000000000000000000000000 -0.072985957132339796000000000000000000000000 -0.078726283500550026000000000000000000000000 -0.11024458644832626000000000000000000000000 -0.07605754996696884000000000000000000000000 -0.00037266218726554634000000000000000000000000 -0.077807541221221715000000000000000000000000 -0.0766585560759796000000000000000000000000 -0.10640119292820024000000000000000000000000 -0.077837833027110906000000000000000000000000 -0.075624263916570206000000000000000000000000 0.92525317809342933000000000000000000000000 -0.075232548257788537000000000000000000000000 -0.10717000244768791000000000000000000000000 -0.080805924238707583000000000000000000000000 -0.10319688064138138000000000000000000000000 -0.076808602245481403000000000000000000000000 -0.074681956244890574000000000000000000000000 0.033623783738291974000000000000000000000000 -0.00093337879620432784000000000000000000000000 -0.00046427577206026565000000000000000000000000 -0.00022927748128413788000000000000000000000000 -1.0821657736742201000000000000000000000000 / -1.0853460093425487000000000000000000000000
0.0083455661271571707000000000000000000000000 -0.073172329498989455000000000000000000000000 -0.083755701773190111000000000000000000000000 -0.095865376052714807000000000000000000000000 -0.080806269305185974000000000000000000000000 -0.076400639400091092000000000000000000000000 0.037727040623216829000000000000000000000000 -0.080346273223428799000000000000000000000000 -0.079686378045611891000000000000000000000000 -0.074588939837100562000000000000000000000000 -0.073018530581685115000000000000000000000000 -0.078761791702663925000000000000000000000000 -0.11030315635965349000000000000000000000000 -0.076091677149453307000000000000000000000000 -0.00037341308920364356000000000000000000000000 -0.077842570309846398000000000000000000000000 -0.07669299149296871000000000000000000000000 -0.1064827924083136000000000000000000000000 -0.07787287784862959000000000000000000000000 -0.075658169810299075000000000000000000000000 -0.074780281926988462000000000000000000000000 0.92473374526315621000000000000000000000000 -0.10722452734951272000000000000000000000000 -0.08084253256545712000000000000000000000000 -0.10328235630227456000000000000000000000000 -0.076843114856454425000000000000000000000000 -0.074715383418554118000000000000000000000000 0.033468854436599277000000000000000000000000 -0.00093484069253520793000000000000000000000000 -0.00046510209605432954000000000000000000000000 -0.00022978917444103705000000000000000000000000 -1.0821677579140638000000000000000000000000 / -1.0853573992701269000000000000000000000000
-0.006398532522290468000000000000000000000000 -0.075998952196129635000000000000000000000000 -0.087101064770818928000000000000000000000000 -0.099913511660931348000000000000000000000000 -0.083999896561280943000000000000000000000000 -0.079378457551775417000000000000000000000000 0.02153213182859386000000000000000000000000 -0.083516787760320732000000000000000000000000 -0.082823983242431343000000000000000000000000 -0.077481279566534847000000000000000000000000 -0.075838072017642338000000000000000000000000 -0.081853764320111835000000000000000000000000 -0.11567756154351497000000000000000000000000 -0.079054795501761824000000000000000000000000 -0.00044759800350109699000000000000000000000000 -0.080889707185844664000000000000000000000000 -0.079684767788091693000000000000000000000000 -0.11418898053326654000000000000000000000000 -0.080921484779827441000000000000000000000000 -0.078600749826179178000000000000000000000000 -0.077681570144360959000000000000000000000000 -0.078190352225607315000000000000000000000000 0.88781084427760737000000000000000000000000 -0.084037988001161606000000000000000000000000 -0.11138418752767948000000000000000000000000 -0.079842077343239448000000000000000000000000 -0.077613634520468128000000000000000000000000 0.017695318859634129000000000000000000000000 -0.0010767843530322221000000000000000000000000 -0.00054589472524464386000000000000000000000000 -0.00028061247346632725000000000000000000000000 -1.0822117345782414000000000000000000000000 / -1.0863382179305159000000000000000000000000
0.0066039009990808669000000000000000000000000 -0.073555492350842785000000000000000000000000 -0.084205300922505597000000000000000000000000 -0.096402295803488372000000000000000000000000 -0.081236624026048129000000000000000000000000 -0.076803356057560959000000000000000000000000 0.035829662732343427000000000000000000000000 -0.080773683145720435000000000000000000000000 -0.08010958874703536000000000000000000000000 -0.074980620981048643000000000000000000000000 -0.073400773808081854000000000000000000000000 -0.079179167511192472000000000000000000000000 -0.11099978938478829000000000000000000000000 -0.076492499603702441000000000000000000000000 -0.00038237189731203864000000000000000000000000 -0.078254199230833973000000000000000000000000 -0.077097505404564379000000000000000000000000 -0.10745449882036491000000000000000000000000 -0.078284695415120509000000000000000000000000 -0.076056343216866815000000000000000000000000 -0.075173120701462939000000000000000000000000 -0.075662041770711702000000000000000000000000 -0.1078721882952659000000000000000000000000 0.91872687993827651000000000000000000000000 -0.10429991082101973000000000000000000000000 -0.077248553539723694000000000000000000000000 -0.075107829354939065000000000000000000000000 0.031619601009247239000000000000000000000000 -0.00095223621900630134000000000000000000000000 -0.00047494464727497026000000000000000000000000 -0.00023589859217042943000000000000000000000000 -1.0821839612884674000000000000000000000000 / -1.0854859715396099000000000000000000000000
-0.057976671097973269000000000000000000000000 -0.082072963285074615000000000000000000000000 -0.094126054606230206000000000000000000000000 -0.10824872159373415000000000000000000000000 -0.090747013382853278000000000000000000000000 -0.085730583800571178000000000000000000000000 -0.034950974120038066000000000000000000000000 -0.090221620916044215000000000000000000000000 -0.089468616023099648000000000000000000000000 -0.083676439932544117000000000000000000000000 -0.081898996340179178000000000000000000000000 -0.088414918220340907000000000000000000000000 -0.12688620549159424000000000000000000000000 -0.085379965062801044000000000000000000000000 -0.00066940144159413216000000000000000000000000 -0.087368811620819817000000000000000000000000 -0.086062479572889747000000000000000000000000 -0.13326684599016825000000000000000000000000 -0.087403280156905044000000000000000000000000 -0.084888233190991105000000000000000000000000 -0.083893190604000425000000000000000000000000 -0.084443895954824946000000000000000000000000 -0.12241953953645465000000000000000000000000 -0.090788449639423424000000000000000000000000 0.86784160088294471000000000000000000000000 -0.086232957724603626000000000000000000000000 -0.083819669280161255000000000000000000000000 -0.037395713786815263000000000000000000000000 -0.0014900534089212856000000000000000000000000 -0.00078315707949571257000000000000000000000000 -0.00043410280202041776000000000000000000000000 -1.086674414453328000000000000000000000000 / -1.0936564438498144000000000000000000000000
0.0078658007131271294000000000000000000000000 -0.073278961263686451000000000000000000000000 -0.08388055931449824000000000000000000000000 -0.096014058142368255000000000000000000000000 -0.080925857703114543000000000000000000000000 -0.076512646151714075000000000000000000000000 0.037205232870929875000000000000000000000000 -0.080465054631959174000000000000000000000000 -0.079804008372064777000000000000000000000000 -0.074697914294659967000000000000000000000000 -0.073124909321710493000000000000000000000000 -0.078877821921583963000000000000000000000000 -0.11049532382364678000000000000000000000000 -0.07620316363087383000000000000000000000000 -0.00037587855103489025000000000000000000000000 -0.077957023792750449000000000000000000000000 -0.076805491806465329000000000000000000000000 -0.10675059304676683000000000000000000000000 -0.077987383101135149000000000000000000000000 -0.07576892854673184000000000000000000000000 -0.074889574614368806000000000000000000000000 -0.07537635774348049000000000000000000000000 -0.10740334336779968000000000000000000000000 -0.08096218474478642000000000000000000000000 -0.10356284038040157000000000000000000000000 0.92304413089942838000000000000000000000000 -0.07482456811943522000000000000000000000000 0.032960198810284475000000000000000000000000 -0.00093963639684314394000000000000000000000000 -0.00046781370760389521000000000000000000000000 -0.00023146964346481555000000000000000000000000 -1.0821735250147757000000000000000000000000 / -1.0853940627913385000000000000000000000000
0.0085112874766693873000000000000000000000000 -0.073135325512337784000000000000000000000000 -0.083712423053256033000000000000000000000000 -0.0958139193428377000000000000000000000000 -0.080764802696801336000000000000000000000000 -0.076361782895279021000000000000000000000000 0.037907123491882667000000000000000000000000 -0.08030508427843247000000000000000000000000 -0.079645585219617121000000000000000000000000 -0.074551128205528949000000000000000000000000 -0.072981613846564139000000000000000000000000 -0.078721549641861427000000000000000000000000 -0.11023678657278635000000000000000000000000 -0.076052999880016556000000000000000000000000 -0.00037256220096238042000000000000000000000000 -0.077802871113720251000000000000000000000000 -0.076653964969098889000000000000000000000000 -0.10639032671410635000000000000000000000000 -0.077833160826108444000000000000000000000000 -0.075619743279974422000000000000000000000000 -0.074742360612378364000000000000000000000000 -0.075228054161284613000000000000000000000000 -0.10716274039613762000000000000000000000000 -0.080801044013131942000000000000000000000000 -0.10318549778785341000000000000000000000000 -0.076804000865905053000000000000000000000000 0.92532250067748323000000000000000000000000 0.033644414222110723000000000000000000000000 -0.00093318409276384781000000000000000000000000 -0.00046416572692703864000000000000000000000000 -0.00022920935117208246000000000000000000000000 -1.0821655010384943000000000000000000000000 / -1.0853444844539271000000000000000000000000
-0.22096178382224252000000000000000000000000 -0.097964809409965228000000000000000000000000 -0.11253482394154926000000000000000000000000 -0.13017092663782268000000000000000000000000 -0.10841804163484378000000000000000000000000 -0.10235655418836813000000000000000000000000 -0.21683320416077104000000000000000000000000 -0.10778058917371587000000000000000000000000 -0.10686812623885547000000000000000000000000 -0.099887972600122985000000000000000000000000 -0.097756314686419321000000000000000000000000 -0.10559346696507084000000000000000000000000 -0.15663360052895892000000000000000000000000 -0.10193473566070256000000000000000000000000 -0.0013952058812709432000000000000000000000000 -0.10433034651878034000000000000000000000000 -0.10275603980500507000000000000000000000000 -0.18524028175855115000000000000000000000000 -0.1043719299508736000000000000000000000000 -0.10134348413039583000000000000000000000000 -0.10014816773802819000000000000000000000000 -0.1008095388618558000000000000000000000000 -0.149494938551503000000000000000000000000 -0.10846834446192379000000000000000000000000 -0.18910823662591852000000000000000000000000 -0.10296131034218207000000000000000000000000 -0.10005990328969663000000000000000000000000 0.78597952141819227000000000000000000000000 -0.0028198691456578005000000000000000000000000 -0.0015625917796335746000000000000000000000000 -0.00093574221272080596000000000000000000000000 -1.0745334458944595000000000000000000000000 / -1.0907044602296765000000000000000000000000
-2.8089994547046753000000000000000000000000 -0.73308692130371278000000000000000000000000 -0.80678740089941259000000000000000000000000 -0.89908658280843146000000000000000000000000 -0.78600105569851009000000000000000000000000 -0.7554433422160316000000000000000000000000 -2.9408769080982982000000000000000000000000 -0.78278949428511801000000000000000000000000 -0.77819364662426305000000000000000000000000 -0.74292024921172628000000000000000000000000 -0.7320154283383844000000000000000000000000 -0.7717736320367331000000000000000000000000 -1.0915701962359543000000000000000000000000 -0.75330926456429681000000000000000000000000 -0.0089625533395075695000000000000000000000000 -0.76540822008971832000000000000000000000000 -0.75746273042751977000000000000000000000000 -1.5549465935992584000000000000000000000000 -0.76561787872731069000000000000000000000000 -0.75031444353087207000000000000000000000000 -0.74424466812025647000000000000000000000000 -0.74760583464479835000000000000000000000000 -1.0263224357352863000000000000000000000000 -0.78625453317354033000000000000000000000000 -1.6402319782259789000000000000000000000000 -0.75849978581430522000000000000000000000000 -0.74379553189311554000000000000000000000000 -2.8973353747979314000000000000000000000000 0.97905407535130684000000000000000000000000 -0.011045283950326775000000000000000000000000 -0.005835545210772927000000000000000000000000 0.90013663017291579000000000000000000000000 / 0.80040257032448414000000000000000000000000
-0.0091080791207424315000000000000000000000000 0.14615207767374702000000000000000000000000 0.14078698619497132000000000000000000000000 0.12825390299559855000000000000000000000000 0.14275002541983836000000000000000000000000 0.14500301618322919000000000000000000000000 0.015488886346508909000000000000000000000000 0.1430227719192643000000000000000000000000 0.14339859711465211000000000000000000000000 0.1456999501856599000000000000000000000000 0.14619622608304625000000000000000000000000 0.14389478925224136000000000000000000000000 0.086583587894121516000000000000000000000000 0.14513126729999568000000000000000000000000 -0.029518520714338303000000000000000000000000 0.14435325238215069000000000000000000000000 0.14487809920483929000000000000000000000000 -0.039321864685009568000000000000000000000000 0.14433868744828737000000000000000000000000 0.14530470247500774000000000000000000000000 0.14563262206652816000000000000000000000000 0.1454549513280079000000000000000000000000 0.10261854283089832000000000000000000000000 0.14272814574853332000000000000000000000000 -0.055655190748510733000000000000000000000000 0.1448126075863716000000000000000000000000 0.14565562449984143000000000000000000000000 0.0082239948429823646000000000000000000000000 -0.044861833179217617000000000000000000000000 0.97185102710984927000000000000000000000000 -0.021170525978078367000000000000000000000000 -0.27100655164785886000000000000000000000000 / -0.60587593595360312000000000000000000000000
0.30540824562786378000000000000000000000000 0.036359357915987579000000000000000000000000 0.043676426389849095000000000000000000000000 0.055542887515425313000000000000000000000000 0.041446041272271202000000000000000000000000 0.038415057828325196000000000000000000000000 0.11296474215541308000000000000000000000000 0.04111405298502295000000000000000000000000 0.040644655822255425000000000000000000000000 0.037248857736625028000000000000000000000000 0.036263684074796479000000000000000000000000 0.039999940779321119000000000000000000000000 0.096433495129017194000000000000000000000000 0.038213466578361804000000000000000000000000 0.023862221635405689000000000000000000000000 0.039373008426078694000000000000000000000000 0.038606947758379195000000000000000000000000 0.26479857477047392000000000000000000000000 0.039393467260009668000000000000000000000000 0.037932596438230076000000000000000000000000 0.037370342029213646000000000000000000000000 0.037680558061747138000000000000000000000000 0.079798856236813667000000000000000000000000 0.041472384618464073000000000000000000000000 0.30071276999168234000000000000000000000000 0.0387059271114275000000000000000000000000 0.037329097446657876000000000000000000000000 0.15975356030286939000000000000000000000000 0.035862188468856505000000000000000000000000 0.022683970089083346000000000000000000000000 1.0171073050149078000000000000000000000000 -0.37025174910030434000000000000000000000000 / -0.12242260977150181000000000000000000000000
0.011019061929535848000000000000000000000000 -0.0030320042724414449000000000000000000000000 -0.0034434244416863572000000000000000000000000 -0.0038150300293291698000000000000000000000000 -0.0033349820092784606000000000000000000000000 -0.0031634641424980008000000000000000000000000 0.014164526740396904000000000000000000000000 -0.0033175787107257966000000000000000000000000 -0.0032923945496307729000000000000000000000000 -0.0030901768513950803000000000000000000000000 -0.0030256500687561843000000000000000000000000 -0.0032566909552345898000000000000000000000000 -0.0037567885195360917000000000000000000000000 -0.0031510650884705644000000000000000000000000 0.00029280538257068589000000000000000000000000 -0.0032207329353111081000000000000000000000000 -0.0031751563398502705000000000000000000000000 -0.0013349483683641275000000000000000000000000 -0.0032219255731735018000000000000000000000000 -0.0031335965253035491000000000000000000000000 -0.0030979801141658046000000000000000000000000 -0.0031177349743317494000000000000000000000000 -0.003900506975150075000000000000000000000000 -0.0033363485755224819000000000000000000000000 -0.00081578101125476591000000000000000000000000 -0.0031811447456202937000000000000000000000000 -0.0030953349968155987000000000000000000000000 0.013543076914042298000000000000000000000000 0.00049307145517644849000000000000000000000000 0.00030004439132713082000000000000000000000000 0.00020545704787538406000000000000000000000000 0.92073737218319696000000000000000000000000 / -0.076005959438830609000000000000000000000000
/
