3
66
2 32
2 1
/
2
1
0.73236083984375000000000000000000000000 / -0.20587158203125000000000000000000000000
0.591094970703125000000000000000000000000 / 0.1712646484375000000000000000000000000
/
32
2
-1.8219527729019802000000000000000000000000 0.577628681614618000000000000000000000000 / 1.7038417084228512000000000000000000000000
0.46263527619230799000000000000000000000000 -0.94335064592350315000000000000000000000000 / -1.1889143889126879000000000000000000000000
0.60146503881778501000000000000000000000000 -1.1139410773227343000000000000000000000000 / -0.82575767864052207000000000000000000000000
0.57013795224530783000000000000000000000000 -1.1226109122401864000000000000000000000000 / -0.579162438704244000000000000000000000000
0.54335742660702369000000000000000000000000 -1.0468620562211408000000000000000000000000 / -0.94703100626566528000000000000000000000000
0.091753805823793763000000000000000000000000 -0.58208681586979405000000000000000000000000 / -1.491681197865464000000000000000000000000
-1.9272013471421252000000000000000000000000 0.45222911922811532000000000000000000000000 / 2.5030571753546189000000000000000000000000
0.3375014928306761000000000000000000000000 -0.83962087488933912000000000000000000000000 / -1.162657035688768000000000000000000000000
0.37109350950613418000000000000000000000000 -0.87123091737418867000000000000000000000000 / -1.143050745239703000000000000000000000000
0.5014732204838005000000000000000000000000 -0.98641591470744561000000000000000000000000 / -1.1201218012068725000000000000000000000000
0.32139993341112011000000000000000000000000 -0.80165502664617361000000000000000000000000 / -1.3334126260729242000000000000000000000000
0.13316975487504309000000000000000000000000 -0.63053921978017147000000000000000000000000 / -1.400519277389584000000000000000000000000
-0.095852384096509063000000000000000000000000 -0.53981180117052607000000000000000000000000 / -0.70403021785526432000000000000000000000000
0.035196594000684311000000000000000000000000 -0.52461061454405522000000000000000000000000 / -1.5547412905759928000000000000000000000000
-1.7232339630119944000000000000000000000000 -2.1150171664455639000000000000000000000000 / -0.18832251007418915000000000000000000000000
0.31784331757435907000000000000000000000000 -0.812469243027369000000000000000000000000 / -1.2352319941954792000000000000000000000000
0.3309187783451521000000000000000000000000 -0.82212152368557778000000000000000000000000 / -1.246363055936982000000000000000000000000
-0.45339972552197233000000000000000000000000 -0.33705982280880087000000000000000000000000 / 0.1334602640412946000000000000000000000000
0.043257468230622799000000000000000000000000 -0.53797374343279236000000000000000000000000 / -1.5091792097102887000000000000000000000000
0.19266006719593082000000000000000000000000 -0.68078470538284797000000000000000000000000 / -1.4064037569537753000000000000000000000000
-0.097941904124378393000000000000000000000000 -0.38757054988914375000000000000000000000000 / -1.7155014484991404000000000000000000000000
0.041218246534623575000000000000000000000000 -0.52817701921650073000000000000000000000000 / -1.5660993673136279000000000000000000000000
0.093662504547519218000000000000000000000000 -0.7009456104205577000000000000000000000000 / -0.69185542942120148000000000000000000000000
0.092685558965499903000000000000000000000000 -0.59629953033958216000000000000000000000000 / -1.3969318666488351000000000000000000000000
-0.31027185058251744000000000000000000000000 -0.19086474147268837000000000000000000000000 / 0.32912390598482882000000000000000000000000
-0.064651891048064819000000000000000000000000 -0.42699755413597879000000000000000000000000 / -1.6387738857441601000000000000000000000000
0.41545709758550275000000000000000000000000 -0.90077632564274723000000000000000000000000 / -1.2034709720563792000000000000000000000000
-1.6315177434559482000000000000000000000000 0.22058025318300092000000000000000000000000 / 2.5252852524983243000000000000000000000000
-0.53705535232069901000000000000000000000000 -1.8935029165246706000000000000000000000000 / -1.2235740290477233000000000000000000000000
-0.82992898163723083000000000000000000000000 -2.1220719700695287000000000000000000000000 / -1.2091351759323028000000000000000000000000
-2.4753474359709409000000000000000000000000 -2.0125630017572531000000000000000000000000 / 0.10148682679180845000000000000000000000000
1.8137295970997633000000000000000000000000 0.73292368329012747000000000000000000000000 / 0.15771947681536916000000000000000000000000
/
32
32
0.78797752052865511000000000000000000000000 -0.097014970432441242000000000000000000000000 -0.11146655801708047000000000000000000000000 -0.12893158756384202000000000000000000000000 -0.10738491513655436000000000000000000000000 -0.10137256875036005000000000000000000000000 -0.20557589222351019000000000000000000000000 -0.10675276711804754000000000000000000000000 -0.10584783722044296000000000000000000000000 -0.098923293142291008000000000000000000000000 -0.096808076514095037000000000000000000000000 -0.10458358771777684000000000000000000000000 -0.15503252103740217000000000000000000000000 -0.10095407329980038000000000000000000000000 -0.0013486808970401846000000000000000000000000 -0.10333065940776048000000000000000000000000 -0.10176889712348447000000000000000000000000 -0.18280197452917718000000000000000000000000 -0.10337190916997716000000000000000000000000 -0.10036746198798181000000000000000000000000 -0.099181468401018186000000000000000000000000 -0.099837690407112045000000000000000000000000 -0.14801103964365087000000000000000000000000 -0.10743479788415947000000000000000000000000 -0.18605629621743927000000000000000000000000 -0.10197254141274253000000000000000000000000 -0.099093889503395566000000000000000000000000 -0.20334321864196006000000000000000000000000 -0.002737182884636093000000000000000000000000 -0.0015088105279525783000000000000000000000000 -0.00090493507934799524000000000000000000000000 -1.0736337630810733000000000000000000000000 / -1.0892920160938226000000000000000000000000
0.020150753555795861000000000000000000000000 0.92789746725610067000000000000000000000000 -0.082503101648421062000000000000000000000000 -0.094355935423322906000000000000000000000000 -0.079607326169790729000000000000000000000000 -0.075277612025099472000000000000000000000000 0.050413218763633909000000000000000000000000 -0.079155475744767459000000000000000000000000 -0.078507169566997256000000000000000000000000 -0.073495977559538656000000000000000000000000 -0.07195123409671135000000000000000000000000 -0.077598638093553857000000000000000000000000 -0.10819301288070209000000000000000000000000 -0.074973817074654767000000000000000000000000 -0.00036210050118498519000000000000000000000000 -0.07669517983740462000000000000000000000000 -0.075565058096867851000000000000000000000000 -0.10218245865721701000000000000000000000000 -0.076724970657490565000000000000000000000000 -0.07454753095457009000000000000000000000000 -0.073684169570044047000000000000000000000000 -0.074162116404974304000000000000000000000000 -0.10532658088186317000000000000000000000000 -0.079642944867750545000000000000000000000000 -0.098036457652893275000000000000000000000000 -0.075712655792072633000000000000000000000000 -0.073620340105335053000000000000000000000000 0.045857067871376139000000000000000000000000 -0.00090965258689397542000000000000000000000000 -0.00045262345816427738000000000000000000000000 -0.00022200309684566058000000000000000000000000 -1.0876895774253885000000000000000000000000 / -1.0906934280496883000000000000000000000000
0.016787620035969598000000000000000000000000 -0.072837454547563477000000000000000000000000 0.9166332367155815000000000000000000000000 -0.095389242056055548000000000000000000000000 -0.08043366775009364000000000000000000000000 -0.076050397090623223000000000000000000000000 0.046740973531834165000000000000000000000000 -0.079976108673590576000000000000000000000000 -0.079319663030248469000000000000000000000000 -0.074247391176906305000000000000000000000000 -0.072684375701716777000000000000000000000000 -0.078399823466875421000000000000000000000000 -0.10953804813798368000000000000000000000000 -0.075742933304471668000000000000000000000000 -0.00038050841699977764000000000000000000000000 -0.077485229750866733000000000000000000000000 -0.076341324418212231000000000000000000000000 -0.10406423988314897000000000000000000000000 -0.07751538606761392000000000000000000000000 -0.075311516666123929000000000000000000000000 -0.074437824729833152000000000000000000000000 -0.07492148068488054000000000000000000000000 -0.10657581712855278000000000000000000000000 -0.080469737719319381000000000000000000000000 -0.099991842391062249000000000000000000000000 -0.07649071345876729000000000000000000000000 -0.07437323459652051000000000000000000000000 0.042276946785750634000000000000000000000000 -0.00094496375448415294000000000000000000000000 -0.00047256941687580129000000000000000000000000 -0.00023465306539408891000000000000000000000000 -1.0873948091018317000000000000000000000000 / -1.0906300271759863000000000000000000000000
0.011915371760897003000000000000000000000000 -0.073811726760396781000000000000000000000000 -0.084523185125701769000000000000000000000000 0.90320801382932425000000000000000000000000 -0.081536820423521797000000000000000000000000 -0.07707776325698773000000000000000000000000 0.041382412468026104000000000000000000000000 -0.081071145718338553000000000000000000000000 -0.080403143979208294000000000000000000000000 -0.075244738909510292000000000000000000000000 -0.073656161698908235000000000000000000000000 -0.079467279662091161000000000000000000000000 -0.11140173175296754000000000000000000000000 -0.076765137006749487000000000000000000000000 -0.00040685389492733833000000000000000000000000 -0.078536940276033793000000000000000000000000 -0.077373592611092723000000000000000000000000 -0.10671281048926903000000000000000000000000 -0.078567612863263872000000000000000000000000 -0.07632650753262897000000000000000000000000 -0.075438314851408783000000000000000000000000 -0.075929980810697892000000000000000000000000 -0.10829782024737258000000000000000000000000 -0.081573532311275468000000000000000000000000 -0.10274567757915112000000000000000000000000 -0.077525505409752324000000000000000000000000 -0.075372658186179192000000000000000000000000 0.037055528325053891000000000000000000000000 -0.00099495503517277252000000000000000000000000 -0.0005008794313107796000000000000000000000000 -0.00025283677513914784000000000000000000000000 -1.0869108089868769000000000000000000000000 / -1.090479516495787000000000000000000000000
0.017782705009175462000000000000000000000000 -0.072625132361398073000000000000000000000000 -0.083116291901019185000000000000000000000000 -0.095088016917838414000000000000000000000000 0.91980570737476419000000000000000000000000 -0.07582689361464022000000000000000000000000 0.047830593232278257000000000000000000000000 -0.07973842832117542000000000000000000000000 -0.079084397895106365000000000000000000000000 -0.074030203017000043000000000000000000000000 -0.072472578378358868000000000000000000000000 -0.078167911379436225000000000000000000000000 -0.10914311570374735000000000000000000000000 -0.075520514736590702000000000000000000000000 -0.00037506303497724362000000000000000000000000 -0.077256616759929023000000000000000000000000 -0.076116791216023452000000000000000000000000 -0.10350983845260389000000000000000000000000 -0.077286664835203758000000000000000000000000 -0.075090614715298667000000000000000000000000 -0.07421997469253698000000000000000000000000 -0.074701944335321277000000000000000000000000 -0.10620964253686907000000000000000000000000 -0.080230228592382602000000000000000000000000 -0.099415875164204026000000000000000000000000 -0.076265650283173878000000000000000000000000 -0.074155609181021542000000000000000000000000 0.043338986498672023000000000000000000000000 -0.00093455416107032817000000000000000000000000 -0.00046668455517322215000000000000000000000000 -0.0002309060883907879000000000000000000000000 -1.0874858625506911000000000000000000000000 / -1.0906524963067665000000000000000000000000
0.019178805745962826000000000000000000000000 -0.07231978505974497000000000000000000000000 -0.082757399548559221000000000000000000000000 -0.09465854935100193000000000000000000000000 -0.079850924038486704000000000000000000000000 0.92449419973021829000000000000000000000000 0.049355170347999501000000000000000000000000 -0.079397434217282584000000000000000000000000 -0.078746789304918199000000000000000000000000 -0.073717997568758478000000000000000000000000 -0.072167971351609017000000000000000000000000 -0.077835006145834357000000000000000000000000 -0.10858399688694328000000000000000000000000 -0.075200947217907474000000000000000000000000 -0.00036741548884986527000000000000000000000000 -0.076928342950629974000000000000000000000000 -0.075794250042140895000000000000000000000000 -0.10272784655542216000000000000000000000000 -0.076958239011859039000000000000000000000000 -0.074773180891527138000000000000000000000000 -0.073906837066070805000000000000000000000000 -0.07438643245734064000000000000000000000000 -0.10569035575088506000000000000000000000000 -0.079886672300502642000000000000000000000000 -0.098603367436907105000000000000000000000000 -0.075942364096109272000000000000000000000000 -0.073842787890489259000000000000000000000000 0.044825298886239248000000000000000000000000 -0.00091988418871832541000000000000000000000000 -0.00045839810235582965000000000000000000000000 -0.00022565074171525772000000000000000000000000 -1.0876083994514438000000000000000000000000 / -1.0906789125768961000000000000000000000000
-0.23626238914952752000000000000000000000000 -0.099128589420823504000000000000000000000000 -0.11393760613431109000000000000000000000000 -0.13191792629562499000000000000000000000000 -0.10975002996449496000000000000000000000000 -0.10358926819439646000000000000000000000000 0.76573848303765824000000000000000000000000 -0.10910187392951423000000000000000000000000 -0.10817420353423533000000000000000000000000 -0.1010816815085865000000000000000000000000 -0.098916871005341855000000000000000000000000 -0.10687851760801989000000000000000000000000 -0.15918817391715487000000000000000000000000 -0.10316073293007164000000000000000000000000 -0.0014714033192738869000000000000000000000000 -0.10559480003994859000000000000000000000000 -0.1039951358357413000000000000000000000000 -0.19025216617095617000000000000000000000000 -0.10563705789317275000000000000000000000000 -0.10256010380776021000000000000000000000000 -0.10134595486153175000000000000000000000000 -0.10201772581312596000000000000000000000000 -0.15176685143299609000000000000000000000000 -0.10980118026852582000000000000000000000000 -0.19428739276058762000000000000000000000000 -0.10420369376072049000000000000000000000000 -0.10125630616189386000000000000000000000000 -0.23097036214528213000000000000000000000000 -0.0029575206942304387000000000000000000000000 -0.0016374992137420841000000000000000000000000 -0.00099098053548136848000000000000000000000000 -1.0703278460386483000000000000000000000000 / -1.0875145416298382000000000000000000000000
0.017933142884331885000000000000000000000000 -0.072592642862100348000000000000000000000000 -0.083078028410067492000000000000000000000000 -0.095042104091427354000000000000000000000000 -0.080157706130098136000000000000000000000000 -0.075792709263360097000000000000000000000000 0.047995122061310833000000000000000000000000 0.92029790187056371000000000000000000000000 -0.079048433040745256000000000000000000000000 -0.073996975665573492000000000000000000000000 -0.072440168492005047000000000000000000000000 -0.078132453880785283000000000000000000000000 -0.10908311447861724000000000000000000000000 -0.075486494738900622000000000000000000000000 -0.00037423903285110764000000000000000000000000 -0.077221658635114598000000000000000000000000 -0.076082450889458517000000000000000000000000 -0.10342576881121306000000000000000000000000 -0.077251690323329847000000000000000000000000 -0.075056824505302364000000000000000000000000 -0.074186647009846077000000000000000000000000 -0.074668361066397418000000000000000000000000 -0.10615396645967089000000000000000000000000 -0.080193621833833176000000000000000000000000 -0.099328534088487325000000000000000000000000 -0.076231229687262855000000000000000000000000 -0.074122315546954712000000000000000000000000 0.043499366175940357000000000000000000000000 -0.00093297640414087188000000000000000000000000 -0.00046579295177802198000000000000000000000000 -0.00023033944839444595000000000000000000000000 -1.0874993702634688000000000000000000000000 / -1.0906556361721578000000000000000000000000
0.018146898982372209000000000000000000000000 -0.072546303731259865000000000000000000000000 -0.083023484511358533000000000000000000000000 -0.094976706104045405000000000000000000000000 -0.080105544033129555000000000000000000000000 -0.075743960541543129000000000000000000000000 0.048228802446235897000000000000000000000000 -0.079650300136599808000000000000000000000000 0.92100284591592751000000000000000000000000 -0.073949587389464111000000000000000000000000 -0.072393942574470863000000000000000000000000 -0.078081895802481233000000000000000000000000 -0.1089977410371806000000000000000000000000 -0.075437979633765959000000000000000000000000 -0.00037306803993193016000000000000000000000000 -0.077171810182042999000000000000000000000000 -0.076033480469228865000000000000000000000000 -0.10330621690453631000000000000000000000000 -0.077201818582354184000000000000000000000000 -0.075008636043288959000000000000000000000000 -0.07413911608949228000000000000000000000000 -0.074620466787728268000000000000000000000000 -0.10607472651528989000000000000000000000000 -0.080141430951644416000000000000000000000000 -0.099204327777472109000000000000000000000000 -0.07618214517812863000000000000000000000000 -0.07407483303422234000000000000000000000000 0.043727161150658785000000000000000000000000 -0.00093073306137002516000000000000000000000000 -0.00046452538312249947000000000000000000000000 -0.0002295343561189421000000000000000000000000 -1.0875184420562354000000000000000000000000 / -1.0906599788079101000000000000000000000000
0.019728364092147538000000000000000000000000 -0.072197363569118184000000000000000000000000 -0.082613989407841995000000000000000000000000 -0.094487710684676901000000000000000000000000 -0.079713580483306457000000000000000000000000 -0.075377187437806983000000000000000000000000 0.04995377432416484000000000000000000000000 -0.079261019853636316000000000000000000000000 -0.078611700369758675000000000000000000000000 0.92640712263586467000000000000000000000000 -0.072045841359707125000000000000000000000000 -0.077701759756444694000000000000000000000000 -0.10836295811505604000000000000000000000000 -0.075072933602766498000000000000000000000000 -0.0003644084672578008000000000000000000000000 -0.07679691229531535000000000000000000000000 -0.075665068767218319000000000000000000000000 -0.10241941811145858000000000000000000000000 -0.076826748738130266000000000000000000000000 -0.074646005474553412000000000000000000000000 -0.073781350296503526000000000000000000000000 -0.074260012318102628000000000000000000000000 -0.1054847652867679000000000000000000000000 -0.079749255306431011000000000000000000000000 -0.098282805178872654000000000000000000000000 -0.075812890370044989000000000000000000000000 -0.073717425508537965000000000000000000000000 0.045409004131221953000000000000000000000000 -0.00091409918408350921000000000000000000000000 -0.00045513263209857906000000000000000000000000 -0.00022358656032298623000000000000000000000000 -1.0876547586312173000000000000000000000000 / -1.0906875414465533000000000000000000000000
0.020196294848943818000000000000000000000000 -0.072092273963883444000000000000000000000000 -0.082491116648010218000000000000000000000000 -0.094341709951939176000000000000000000000000 -0.079595838885630502000000000000000000000000 -0.075266842744050155000000000000000000000000 0.050462720969007377000000000000000000000000 -0.079144064777105325000000000000000000000000 -0.078495867499372401000000000000000000000000 -0.073485496117194904000000000000000000000000 0.92805900061917934000000000000000000000000 -0.077587487492363022000000000000000000000000 -0.10817469574526214000000000000000000000000 -0.0749630971513357000000000000000000000000 -0.00036185186949089422000000000000000000000000 -0.076684178590229926000000000000000000000000 -0.07555424200261919000000000000000000000000 -0.10215692462164695000000000000000000000000 -0.076713964504912066000000000000000000000000 -0.074536880091664842000000000000000000000000 -0.073673657900772502000000000000000000000000 -0.074151527788368282000000000000000000000000 -0.10530952534671338000000000000000000000000 -0.079631451552866078000000000000000000000000 -0.098009907792504236000000000000000000000000 -0.07570181561713174000000000000000000000000 -0.073609838692604929000000000000000000000000 0.045905346831155144000000000000000000000000 -0.00090917323310246039000000000000000000000000 -0.00045235300230055109000000000000000000000000 -0.00022183255796224519000000000000000000000000 -1.0876932867600777000000000000000000000000 / -1.0906940220781765000000000000000000000000
0.018442504563821391000000000000000000000000 -0.072481885257367609000000000000000000000000 -0.082947721143542499000000000000000000000000 -0.094885965408263773000000000000000000000000 -0.080033071657940449000000000000000000000000 -0.075676207823209204000000000000000000000000 0.048551766702777631000000000000000000000000 -0.079578331015899895000000000000000000000000 -0.078925902437537193000000000000000000000000 -0.073883716907518188000000000000000000000000 -0.072329680811672903000000000000000000000000 0.9219883592071777000000000000000000000000 -0.10887946597531807000000000000000000000000 -0.075370550086226562000000000000000000000000 -0.00037144850060075049000000000000000000000000 -0.077102536427114274000000000000000000000000 -0.075965421085339574000000000000000000000000 -0.10314071709831213000000000000000000000000 -0.077132512622607743000000000000000000000000 -0.074941658386810786000000000000000000000000 -0.074073048220971646000000000000000000000000 -0.074553896149584187000000000000000000000000 -0.1059649082286899000000000000000000000000 -0.080068918792216712000000000000000000000000 -0.099032378556857453000000000000000000000000 -0.076113927987025862000000000000000000000000 -0.074008832149782919000000000000000000000000 0.04404200675652515000000000000000000000000 -0.0009276280951274078000000000000000000000000 -0.0004627712839590434000000000000000000000000 -0.00022842118906404936000000000000000000000000 -1.0875445766646934000000000000000000000000 / -1.0906657512050624000000000000000000000000
-0.00030460185709266045000000000000000000000000 -0.075753031061008849000000000000000000000000 -0.086823134626254961000000000000000000000000 -0.09958690474678028000000000000000000000000 -0.083731383812519738000000000000000000000000 -0.079123169977117977000000000000000000000000 0.027910177312187364000000000000000000000000 -0.083249695871953078000000000000000000000000 -0.082558910551876002000000000000000000000000 -0.077231261146085292000000000000000000000000 -0.075592595702515891000000000000000000000000 -0.081591486285429435000000000000000000000000 0.8848202338864759000000000000000000000000 -0.078800410716013583000000000000000000000000 -0.00046897284145165999000000000000000000000000 -0.080630172672709235000000000000000000000000 -0.079428623877082064000000000000000000000000 -0.1124586615576323000000000000000000000000 -0.080661860307361555000000000000000000000000 -0.078347628374331152000000000000000000000000 -0.07743099747591832000000000000000000000000 -0.077938369995102785000000000000000000000000 -0.11176308147774068000000000000000000000000 -0.083769362751127049000000000000000000000000 -0.10878079364594137000000000000000000000000 -0.079585492850556036000000000000000000000000 -0.077363249879666432000000000000000000000000 0.023923320192054811000000000000000000000000 -0.0011111354838593351000000000000000000000000 -0.000566853385169648000000000000000000000000 -0.00029598911544634533000000000000000000000000 -1.0854872104868349000000000000000000000000 / -1.08984792753737000000000000000000000000
0.019273379586939098000000000000000000000000 -0.072298800763475932000000000000000000000000 -0.082732797261546878000000000000000000000000 -0.094629209041122084000000000000000000000000 -0.079827368286686073000000000000000000000000 -0.075483749541309028000000000000000000000000 0.049458249773143857000000000000000000000000 -0.079374038704962208000000000000000000000000 -0.078723622337882743000000000000000000000000 -0.073696548520455166000000000000000000000000 -0.072147037246546045000000000000000000000000 -0.077812156840827429000000000000000000000000 -0.108545978101135000000000000000000000000 0.92482100026633063000000000000000000000000 -0.00036689774592183345000000000000000000000000 -0.076905806626768949000000000000000000000000 -0.075772101365597214000000000000000000000000 -0.10267477363227348000000000000000000000000 -0.076935692412404305000000000000000000000000 -0.074751377816464251000000000000000000000000 -0.073885324879903111000000000000000000000000 -0.074364759494201099000000000000000000000000 -0.10565500629911323000000000000000000000000 -0.079863103883512379000000000000000000000000 -0.09854821224275602000000000000000000000000 -0.075920165025165659000000000000000000000000 -0.073821297129376004000000000000000000000000 0.044925807271609018000000000000000000000000 -0.00091888881820168346000000000000000000000000 -0.00045783615633902288000000000000000000000000 -0.00022529524577347831000000000000000000000000 -1.0876164584858188000000000000000000000000 / -1.0906804726019632000000000000000000000000
0.03813812952296964000000000000000000000000 -0.067447721441472985000000000000000000000000 -0.077233329360001921000000000000000000000000 -0.08833394732706136000000000000000000000000 -0.074511250982126909000000000000000000000000 -0.070437149029331472000000000000000000000000 0.069307386202505331000000000000000000000000 -0.074086280790791839000000000000000000000000 -0.07347644782628783000000000000000000000000 -0.068759768813670019000000000000000000000000 -0.067305260434837602000000000000000000000000 -0.0726216583225055000000000000000000000000 -0.10081636013522545000000000000000000000000 -0.070151155914370503000000000000000000000000 0.99973356070960095000000000000000000000000 -0.071771459539738763000000000000000000000000 -0.070707739273145997000000000000000000000000 -0.092048562460306751000000000000000000000000 -0.071799496833033397000000000000000000000000 -0.069749829626924068000000000000000000000000 -0.068936962224147302000000000000000000000000 -0.069386964510561006000000000000000000000000 -0.098377103625027884000000000000000000000000 -0.074544748381162762000000000000000000000000 -0.087387647464128443000000000000000000000000 -0.070846676987842097000000000000000000000000 -0.068876863431286448000000000000000000000000 0.064344422770169316000000000000000000000000 -0.00071599064075251681000000000000000000000000 -0.00034417531288924316000000000000000000000000 -0.00015799353832008034000000000000000000000000 -1.0842158468678689000000000000000000000000 / -1.0860974202881815000000000000000000000000
0.018732167063319243000000000000000000000000 -0.072418389900597971000000000000000000000000 -0.082873114673568296000000000000000000000000 -0.09479672604560746000000000000000000000000 -0.079961685593946799000000000000000000000000 -0.07560944405626048000000000000000000000000 0.048868009831339571000000000000000000000000 -0.079507437602466813000000000000000000000000 -0.078855711470404766000000000000000000000000 -0.073818797901277031000000000000000000000000 -0.072266339134545082000000000000000000000000 -0.077942425765204146000000000000000000000000 -0.10876335771012977000000000000000000000000 -0.075304102999232292000000000000000000000000 -0.00036986159192588865000000000000000000000000 0.92296571751836443000000000000000000000000 -0.075898356833544844000000000000000000000000 -0.10297838253972152000000000000000000000000 -0.077064227131105889000000000000000000000000 -0.074875654153710405000000000000000000000000 -0.074007935720622212000000000000000000000000 -0.074488290834223814000000000000000000000000 -0.10585705543018717000000000000000000000000 -0.079997493784463788000000000000000000000000 -0.09886370823722683000000000000000000000000 -0.076046709116627309000000000000000000000000 -0.073943785311592736000000000000000000000000 0.044350318503787275000000000000000000000000 -0.00092458305432915574000000000000000000000000 -0.00046105139812825495000000000000000000000000 -0.00022733080410930365000000000000000000000000 -1.0875699071420177000000000000000000000000 / -1.090671139747482000000000000000000000000
0.01908896468884088000000000000000000000000 -0.07233968580680232000000000000000000000000 -0.082780739095028838000000000000000000000000 -0.094686396021881086000000000000000000000000 -0.079873268585886517000000000000000000000000 -0.075526714321785274000000000000000000000000 0.049257224809304147000000000000000000000000 -0.079419626436357971000000000000000000000000 -0.078768764271774039000000000000000000000000 -0.073738339881188789000000000000000000000000 -0.072187824414700563000000000000000000000000 -0.077856679166246487000000000000000000000000 -0.10862010190960901000000000000000000000000 -0.075221763157176894000000000000000000000000 -0.00036790740185361305000000000000000000000000 -0.076949718495922165000000000000000000000000 0.92418474282374508000000000000000000000000 -0.10277825796243106000000000000000000000000 -0.076979624323309737000000000000000000000000 -0.074793859603335691000000000000000000000000 -0.073927239370455616000000000000000000000000 -0.074406987532151761000000000000000000000000 -0.10572392112098786000000000000000000000000 -0.079909028888035596000000000000000000000000 -0.098655754833324227000000000000000000000000 -0.075963419121954784000000000000000000000000 -0.073863169837237605000000000000000000000000 0.044729798378326115000000000000000000000000 -0.00092082963898741015000000000000000000000000 -0.00045893189986683349000000000000000000000000 -0.00022598853662631873000000000000000000000000 -1.0876007135564691000000000000000000000000 / -1.0906774024665946000000000000000000000000
-0.047583362949400125000000000000000000000000 -0.080942249578975237000000000000000000000000 -0.092847760203533317000000000000000000000000 -0.10677153557905125000000000000000000000000 -0.089511458286789677000000000000000000000000 -0.084556292287123275000000000000000000000000 -0.02376060532976831000000000000000000000000 -0.088992593556546859000000000000000000000000 -0.088248894229359498000000000000000000000000 -0.082526692577614441000000000000000000000000 -0.08077034371199697000000000000000000000000 -0.087208124250035532000000000000000000000000 -0.12497084684075395000000000000000000000000 -0.084209879850052655000000000000000000000000 -0.00066227142357060977000000000000000000000000 -0.086174752551727116000000000000000000000000 -0.084884198951021936000000000000000000000000 0.87014587397112353000000000000000000000000 -0.086208802963429684000000000000000000000000 -0.083724034496938493000000000000000000000000 -0.082740863472057252000000000000000000000000 -0.083285004694076806000000000000000000000000 -0.12065513888174655000000000000000000000000 -0.089552378458822565000000000000000000000000 -0.12772567090765025000000000000000000000000 -0.085052625163129156000000000000000000000000 -0.082668217427991852000000000000000000000000 -0.026533037385125174000000000000000000000000 -0.0014693181339785403000000000000000000000000 -0.00076966272430151184000000000000000000000000 -0.00043123265384239855000000000000000000000000 -1.0824857253373854000000000000000000000000 / -1.0893682505291029000000000000000000000000
0.01872268060809525000000000000000000000000 -0.072420475121597369000000000000000000000000 -0.082875563646446493000000000000000000000000 -0.09479965349183693000000000000000000000000 -0.079964029182816754000000000000000000000000 -0.07561163632364902000000000000000000000000 0.0488576565312785000000000000000000000000 -0.079509765066871269000000000000000000000000 -0.0788580159422793000000000000000000000000 -0.073820929754411485000000000000000000000000 -0.072268419321242353000000000000000000000000 -0.07794469828968828000000000000000000000000 -0.1087671632333012000000000000000000000000 -0.075306284896547324000000000000000000000000 -0.00036991355919920862000000000000000000000000 -0.077036523541783405000000000000000000000000 -0.07590055894033354000000000000000000000000 -0.10298370117417231000000000000000000000000 0.92293353077592777000000000000000000000000 -0.074877821548602591000000000000000000000000 -0.074010073911120577000000000000000000000000 -0.074490445164867122000000000000000000000000 -0.10586059111009381000000000000000000000000 -0.079999838647929186000000000000000000000000 -0.098869234638460424000000000000000000000000 -0.076048916286284657000000000000000000000000 -0.073945921351524599000000000000000000000000 0.0443402245668496000000000000000000000000 -0.00092468281331872977000000000000000000000000 -0.00046110773789938042000000000000000000000000 -0.00022736650593018087000000000000000000000000 -1.087569082043484000000000000000000000000 / -1.0906709675400055000000000000000000000000
0.019405458227950142000000000000000000000000 -0.072269435535316895000000000000000000000000 -0.082698383038558032000000000000000000000000 -0.094588189647080198000000000000000000000000 -0.079794413987981233000000000000000000000000 -0.07545289551604413000000000000000000000000 0.049602162134224269000000000000000000000000 -0.079341307978404968000000000000000000000000 -0.078691210503798278000000000000000000000000 -0.073666534411505377000000000000000000000000 -0.072117742100529486000000000000000000000000 -0.077780188279772428000000000000000000000000 -0.10849286516631987000000000000000000000000 -0.075148289821180436000000000000000000000000 -0.00036617484673788915000000000000000000000000 -0.076874274847128235000000000000000000000000 -0.075741110624386279000000000000000000000000 -0.10260064694247653000000000000000000000000 -0.076904146291998321000000000000000000000000 0.92527913051573507000000000000000000000000 -0.073855222626119071000000000000000000000000 -0.074334432792557817000000000000000000000000 -0.10560561398226369000000000000000000000000 -0.079830131914286215000000000000000000000000 -0.098471173618059266000000000000000000000000 -0.075889103945027236000000000000000000000000 -0.073791224786255424000000000000000000000000 0.045066133875940224000000000000000000000000 -0.00091749855785641654000000000000000000000000 -0.0004570513331973164000000000000000000000000 -0.00022479894635550257000000000000000000000000 -1.0876276580584665000000000000000000000000 / -1.0906825997641747000000000000000000000000
0.01967086054848901000000000000000000000000 -0.072210226410084066000000000000000000000000 -0.082629043926660969000000000000000000000000 -0.09450562276266182000000000000000000000000 -0.079728002039867796000000000000000000000000 -0.075390697338120885000000000000000000000000 0.049891182383549545000000000000000000000000 -0.079275344426647409000000000000000000000000 -0.078625886585442881000000000000000000000000 -0.073606022308706776000000000000000000000000 -0.072058673723882402000000000000000000000000 -0.077715753601028198000000000000000000000000 -0.10838609581913344000000000000000000000000 -0.075086380899838046000000000000000000000000 -0.00036472291426745167000000000000000000000000 -0.076810716529208775000000000000000000000000 -0.075678638051582384000000000000000000000000 -0.10245168966227876000000000000000000000000 -0.076840559198384603000000000000000000000000 -0.074659365193309735000000000000000000000000 0.92620546644816837000000000000000000000000 -0.074273293114882122000000000000000000000000 -0.10550629395127037000000000000000000000000 -0.079763684527698858000000000000000000000000 -0.098316350396202679000000000000000000000000 -0.07582649020462881000000000000000000000000 -0.073730595763951162000000000000000000000000 0.045347966374374951000000000000000000000000 -0.00091470457394055059000000000000000000000000 -0.00045547430061946707000000000000000000000000 -0.00022380235502807039000000000000000000000000 -1.0876499622717204000000000000000000000000 / -1.0906866887857753000000000000000000000000
0.019524271291494602000000000000000000000000 -0.072242961991819954000000000000000000000000 -0.082667371812163951000000000000000000000000 -0.094551249039427313000000000000000000000000 -0.079764714294204841000000000000000000000000 -0.075425083376724558000000000000000000000000 0.049731575098081654000000000000000000000000 -0.079311809169261838000000000000000000000000 -0.078661998244373837000000000000000000000000 -0.073639477388922681000000000000000000000000 -0.072091331581372972000000000000000000000000 -0.077751374370619603000000000000000000000000 -0.10844507308406691000000000000000000000000 -0.075120607233468972000000000000000000000000 -0.00036552473675008866000000000000000000000000 -0.076845853495005986000000000000000000000000 -0.075713175587164686000000000000000000000000 -0.10253396220393086000000000000000000000000 -0.076875712050475789000000000000000000000000 -0.074693368116923758000000000000000000000000 -0.073828086350469183000000000000000000000000 0.92569290528136716000000000000000000000000 -0.1055611613160518000000000000000000000000 -0.079800416343576902000000000000000000000000 -0.098401865352700443000000000000000000000000 -0.075861105679723248000000000000000000000000 -0.073764115403777572000000000000000000000000 0.045192326155623103000000000000000000000000 -0.00091624781269263782000000000000000000000000 -0.00045634532928970454000000000000000000000000 -0.00022435268152902455000000000000000000000000 -1.0876376765814177000000000000000000000000 / -1.0906844612397422000000000000000000000000
0.0041333980779789123000000000000000000000000 -0.075122553664773065000000000000000000000000 -0.086080555240362205000000000000000000000000 -0.098688915326892293000000000000000000000000 -0.083021742904458948000000000000000000000000 -0.078460133609584606000000000000000000000000 0.032799462897817142000000000000000000000000 -0.082545058315106071000000000000000000000000 -0.081861391392789362000000000000000000000000 -0.076586634765713285000000000000000000000000 -0.074963643083119438000000000000000000000000 -0.08090382730165456000000000000000000000000 -0.11396160940767067000000000000000000000000 -0.078140541497979527000000000000000000000000 -0.0004471167048069931000000000000000000000000 -0.079952191205619000000000000000000000000 -0.078762579544267658000000000000000000000000 -0.11052755054864072000000000000000000000000 -0.079983561687848467000000000000000000000000 -0.077692183284337843000000000000000000000000 -0.0767844443919804000000000000000000000000 -0.077286905391481475000000000000000000000000 0.88935075206110126000000000000000000000000 -0.08305932594019122000000000000000000000000 -0.10673951893286955000000000000000000000000 -0.078917899649399909000000000000000000000000 -0.076717350727405709000000000000000000000000 0.028690999392292745000000000000000000000000 -0.00107045184583935000000000000000000000000 -0.00054373668614944072000000000000000000000000 -0.00028077158702052591000000000000000000000000 -1.086037146423865000000000000000000000000 / -1.0901186372653633000000000000000000000000
0.017770794035927497000000000000000000000000 -0.072627700365907114000000000000000000000000 -0.083119317031904158000000000000000000000000 -0.095091648025260739000000000000000000000000 -0.080197184959563822000000000000000000000000 -0.075829595770505798000000000000000000000000 0.047817564228509808000000000000000000000000 -0.079741300361560255000000000000000000000000 -0.079087241009245038000000000000000000000000 -0.074032829420953572000000000000000000000000 -0.072475140081971437000000000000000000000000 -0.078170714324629992000000000000000000000000 -0.10914786327241503000000000000000000000000 -0.075523203882361986000000000000000000000000 -0.00037512827007199495000000000000000000000000 -0.077259380170271827000000000000000000000000 -0.076119505718985389000000000000000000000000 -0.10351649213374597000000000000000000000000 -0.077289429542856891000000000000000000000000 -0.075093285671670881000000000000000000000000 -0.074222609037885356000000000000000000000000 -0.07470459891117906000000000000000000000000 -0.10621404737422488000000000000000000000000 0.91976687746881991000000000000000000000000 -0.099422787719737671000000000000000000000000 -0.076268371140389132000000000000000000000000 -0.074158240831351419000000000000000000000000 0.043326286250081648000000000000000000000000 -0.00093467904060497143000000000000000000000000 -0.00046675512964024408000000000000000000000000 -0.00023095095251126222000000000000000000000000 -1.0874847900985578000000000000000000000000 / -1.0906522447781548000000000000000000000000
-0.072237156555268328000000000000000000000000 -0.08346322269591655000000000000000000000000 -0.095735941560517665000000000000000000000000 -0.11017312147926978000000000000000000000000 -0.092292068457159954000000000000000000000000 -0.087184443417010718000000000000000000000000 -0.050330121175934973000000000000000000000000 -0.091756861340067442000000000000000000000000 -0.090989905349103214000000000000000000000000 -0.085094345749663222000000000000000000000000 -0.083286274579304487000000000000000000000000 -0.089916904254862443000000000000000000000000 -0.12956558939277871000000000000000000000000 -0.08682763907587035000000000000000000000000 -0.00071432772343645143000000000000000000000000 -0.088851871809839264000000000000000000000000 -0.087522214484552413000000000000000000000000 -0.13873774327977265000000000000000000000000 -0.088886960324718628000000000000000000000000 -0.086327267313195358000000000000000000000000 -0.085314859487422526000000000000000000000000 -0.085875156771343261000000000000000000000000 -0.12483059150813455000000000000000000000000 -0.092334281651216918000000000000000000000000 0.86036004711163216000000000000000000000000 -0.087695718239925793000000000000000000000000 -0.085240060988390917000000000000000000000000 -0.052421567002743051000000000000000000000000 -0.0015699003566510346000000000000000000000000 -0.00082378945337048049000000000000000000000000 -0.00046798444637944449000000000000000000000000 -1.1103012382863602000000000000000000000000 / -1.1179146988772437000000000000000000000000
0.019042694577546093000000000000000000000000 -0.072349922261159216000000000000000000000000 -0.08279274725601117000000000000000000000000 -0.094700727724187403000000000000000000000000 -0.079884764000830527000000000000000000000000 -0.075537472725339172000000000000000000000000 0.049206771467725043000000000000000000000000 -0.079431043360625661000000000000000000000000 -0.078780069255449892000000000000000000000000 -0.073748803771341909000000000000000000000000 -0.072198036309812655000000000000000000000000 -0.077867828577258172000000000000000000000000 -0.10863869209445245000000000000000000000000 -0.075232471018787023000000000000000000000000 -0.00036816077513299026000000000000000000000000 -0.076960714646340272000000000000000000000000 -0.075826063531140533000000000000000000000000 -0.1028042183457667000000000000000000000000 -0.076990625505166096000000000000000000000000 -0.074804496774969767000000000000000000000000 -0.073937734162019611000000000000000000000000 -0.074417561016260736000000000000000000000000 -0.1057412018820348000000000000000000000000 -0.079920530507023621000000000000000000000000 -0.098682732127109707000000000000000000000000 0.92402574985136887000000000000000000000000 -0.073873654142692785000000000000000000000000 0.044680605278396367000000000000000000000000 -0.00092131651965255985000000000000000000000000 -0.00045920680394236573000000000000000000000000 -0.00022616254027018552000000000000000000000000 -1.0875967438213574000000000000000000000000 / -1.0906766141192252000000000000000000000000
0.019690377446679393000000000000000000000000 -0.072205862051920269000000000000000000000000 -0.08262393556988383000000000000000000000000 -0.09449954418929972000000000000000000000000 -0.079723108565737333000000000000000000000000 -0.07538611334031739000000000000000000000000 0.049912427461379194000000000000000000000000 -0.07927048387625521000000000000000000000000 -0.078621073003808162000000000000000000000000 -0.073601562194106476000000000000000000000000 -0.072054319710520912000000000000000000000000 -0.077711005323547647000000000000000000000000 -0.10837824290153036000000000000000000000000 -0.075081818152818544000000000000000000000000 -0.00036461618400157033000000000000000000000000 -0.07680603261777226000000000000000000000000 -0.075674033895646725000000000000000000000000 -0.10244073640860593000000000000000000000000 -0.076835873173337801000000000000000000000000 -0.074654832174708835000000000000000000000000 -0.073790060432945809000000000000000000000000 -0.074268786886108523000000000000000000000000 -0.10549898735120444000000000000000000000000 -0.07975878845156148000000000000000000000000 -0.098304964968073144000000000000000000000000 -0.075821875678268855000000000000000000000000 0.9262738729422122000000000000000000000000 0.045368683829480047000000000000000000000000 -0.00091449910292280552000000000000000000000000 -0.00045535833591002896000000000000000000000000 -0.00022372910800151307000000000000000000000000 -1.0876515916411105000000000000000000000000 / -1.0906869795283516000000000000000000000000
-0.22935830396470722000000000000000000000000 -0.098398031812506032000000000000000000000000 -0.11309176618097606000000000000000000000000 -0.13091153946341075000000000000000000000000 -0.10893799491864578000000000000000000000000 -0.10282511426034123000000000000000000000000 -0.22632211929520712000000000000000000000000 -0.10829497410256061000000000000000000000000 -0.10737461085757091000000000000000000000000 -0.10033650073148963000000000000000000000000 -0.098187891945050759000000000000000000000000 -0.10608904991832982000000000000000000000000 -0.15783214678153251000000000000000000000000 -0.10239983953382438000000000000000000000000 -0.001441047458684592000000000000000000000000 -0.10481527530344596000000000000000000000000 -0.10322788637572552000000000000000000000000 -0.18792323106766848000000000000000000000000 -0.10485720719706103000000000000000000000000 -0.10180376722477252000000000000000000000000 -0.10059878590394121000000000000000000000000 -0.10126549152858773000000000000000000000000 -0.15052879747490625000000000000000000000000 -0.10898873890596238000000000000000000000000 -0.19164128197540189000000000000000000000000 -0.10343485074929396000000000000000000000000 -0.10050981192663072000000000000000000000000 0.77668112756126317000000000000000000000000 -0.0029012546420910858000000000000000000000000 -0.0016046860001796128000000000000000000000000 -0.00097004320913173913000000000000000000000000 -1.0698078280420373000000000000000000000000 / -1.0866232197495604000000000000000000000000
-3.1143265597910181000000000000000000000000 -0.74822843649043824000000000000000000000000 -0.82555424678277367000000000000000000000000 -0.92360365465683703000000000000000000000000 -0.80366499920074586000000000000000000000000 -0.77160233680235668000000000000000000000000 -3.2254606341691439000000000000000000000000 -0.80028886907228236000000000000000000000000 -0.79546017559755355000000000000000000000000 -0.75850080965181588000000000000000000000000 -0.74710989878580558000000000000000000000000 -0.78872007848631187000000000000000000000000 -1.1329737373733419000000000000000000000000 -0.76936814342023907000000000000000000000000 -0.0089438674768649064000000000000000000000000 -0.78204319937780808000000000000000000000000 -0.77371704913732209000000000000000000000000 -1.6845357890168258000000000000000000000000 -0.78226302419764926000000000000000000000000 -0.7662339006530382000000000000000000000000 -0.7598853747787272000000000000000000000000 -0.76340026991529286000000000000000000000000 -1.0611828328014121000000000000000000000000 -0.80393153095406356000000000000000000000000 -1.8001576649019746000000000000000000000000 -0.7748032813441571000000000000000000000000 -0.7594158147179122000000000000000000000000 -3.1907895139696585000000000000000000000000 0.97902319184381248000000000000000000000000 -0.011036219461994939000000000000000000000000 -0.0058222700211188602000000000000000000000000 0.84787366099002426000000000000000000000000 / 0.74802110879313455000000000000000000000000
0.078869502349722009000000000000000000000000 0.095165308713715119000000000000000000000000 0.075028100316741106000000000000000000000000 0.042043576710088897000000000000000000000000 0.081332713867044173000000000000000000000000 0.089726120295522516000000000000000000000000 0.05494998733169263000000000000000000000000 0.08226482874336033000000000000000000000000 0.083578684578210535000000000000000000000000 0.092848489069888476000000000000000000000000 0.09541046415681724000000000000000000000000 0.085374071492062956000000000000000000000000 -0.039716579952928321000000000000000000000000 0.090271600720922426000000000000000000000000 -0.050430595922512859000000000000000000000000 0.087107526934542642000000000000000000000000 0.08920494705474831000000000000000000000000 -0.12898446992624094000000000000000000000000 0.087051179589780883000000000000000000000000 0.091027866976263097000000000000000000000000 0.092527297294313457000000000000000000000000 0.09170252199266124000000000000000000000000 -0.011350564763601653000000000000000000000000 0.08125865831928325000000000000000000000000 -0.02751581909788469000000000000000000000000 0.088935414302379265000000000000000000000000 0.092636461045153801000000000000000000000000 0.045163672332699058000000000000000000000000 -0.078511232063730937000000000000000000000000 0.95365271231327198000000000000000000000000 -0.037109656049325264000000000000000000000000 -0.12203557285327707000000000000000000000000 / -0.72650735163734403000000000000000000000000
0.30075646664451344000000000000000000000000 0.10163058479598543000000000000000000000000 0.12214396289782788000000000000000000000000 0.15331480768669248000000000000000000000000 0.11598994360542976000000000000000000000000 0.1074787426465743000000000000000000000000 -0.16966076696125246000000000000000000000000 0.11506590674520402000000000000000000000000 0.11375584827613466000000000000000000000000 0.10416550936903574000000000000000000000000 0.10135777457783426000000000000000000000000 0.11194975540884923000000000000000000000000 0.24168276735552938000000000000000000000000 0.10690720284465112000000000000000000000000 0.037575928011896881000000000000000000000000 0.11018622149660924000000000000000000000000 0.10802223676303833000000000000000000000000 0.55188768006333566000000000000000000000000 0.1102438805473477000000000000000000000000 0.1061099889918982000000000000000000000000 0.10451133451350247000000000000000000000000 0.10539378902674698000000000000000000000000 0.20806916643928519000000000000000000000000 0.11606317645287399000000000000000000000000 0.65465904897819227000000000000000000000000 0.10830236296301191000000000000000000000000 0.10439393923640525000000000000000000000000 -0.041883954152443663000000000000000000000000 0.056746887099839438000000000000000000000000 0.034284020992797343000000000000000000000000 1.0276642175007482000000000000000000000000 -0.46876903007076065000000000000000000000000 / -0.052687658045225717000000000000000000000000
0.010015533230732171000000000000000000000000 -0.0030625135267288613000000000000000000000000 -0.0033992364968880306000000000000000000000000 -0.0036538824347501094000000000000000000000000 -0.0033136504070758735000000000000000000000000 -0.0031732013855760017000000000000000000000000 0.013861638826501044000000000000000000000000 -0.0032996552771577294000000000000000000000000 -0.0032792903868265849000000000000000000000000 -0.0031117566303301924000000000000000000000000 -0.0030571125339909394000000000000000000000000 -0.0032502041872684048000000000000000000000000 -0.0033130354629513515000000000000000000000000 -0.0031628574332269186000000000000000000000000 0.0004206226075343908000000000000000000000000 -0.0032206744786620195000000000000000000000000 -0.0031829350017965369000000000000000000000000 -0.00075918153002037746000000000000000000000000 -0.0032216575012886102000000000000000000000000 -0.0031482472960206406000000000000000000000000 -0.0031183322792675411000000000000000000000000 -0.0031349452097638444000000000000000000000000 -0.0035538861813615109000000000000000000000000 -0.0033147465641863386000000000000000000000000 -0.0015103529690553012000000000000000000000000 -0.0031879123271172185000000000000000000000000 -0.0031161041305004921000000000000000000000000 0.013341548426759582000000000000000000000000 0.0006992688755994436000000000000000000000000 0.00041133363019797605000000000000000000000000 0.00030289390773235905000000000000000000000000 0.92022114842770808000000000000000000000000 / -0.074871298656386531000000000000000000000000
/
