3
72
2 32
0.10000000000000001000000000000000000000000 0.20000000000000001000000000000000000000000
/
2
1
0.153656005859375000000000000000000000000 / -0.9190673828125000000000000000000000000
-0.376617431640625000000000000000000000000 / 0.66522216796875000000000000000000000000
/
38
2
-0.037989583964734952000000000000000000000000 -0.032014199971547634000000000000000000000000 / -0.26787957031773496000000000000000000000000
0.01509622093238859000000000000000000000000 -0.08267009463230357000000000000000000000000 / 0.15285937194477542000000000000000000000000
-0.58463960761145572000000000000000000000000 0.25196650545408561000000000000000000000000 / -0.61490145529381424000000000000000000000000
-0.099929030114330769000000000000000000000000 -0.23274415179645111000000000000000000000000 / -0.13019060996341353000000000000000000000000
-0.42970263716657026000000000000000000000000 0.097029002440235712000000000000000000000000 / -0.45996269633075215000000000000000000000000
0.042862906637899996000000000000000000000000 -0.3755359586538265000000000000000000000000 / 0.012600890567631445000000000000000000000000
-0.10475477854201981000000000000000000000000 -0.22792113678784981000000000000000000000000 / -0.13500717855837577000000000000000000000000
-0.41246965394549845000000000000000000000000 0.079796517653504428000000000000000000000000 / -0.44273138699471215000000000000000000000000
-0.42751488715473845000000000000000000000000 0.094841704610271305000000000000000000000000 / -0.45777646487562068000000000000000000000000
-0.48596790990232208000000000000000000000000 0.1532935653632127000000000000000000000000 / -0.5162255852813713000000000000000000000000
0.14124122372854747000000000000000000000000 -0.4739144012016141000000000000000000000000 / 0.11097962897610777000000000000000000000000
-0.065902121817172116000000000000000000000000 -0.26677119178252046000000000000000000000000 / -0.096163259418510699000000000000000000000000
0.069005871088274259000000000000000000000000 -0.40167921735621903000000000000000000000000 / 0.038744843196126498000000000000000000000000
0.013097893736672025000000000000000000000000 -0.3457710845945578000000000000000000000000 / -0.0171636560656643000000000000000000000000
0.67982561521889728000000000000000000000000 -1.0124987925443334000000000000000000000000 / 0.64956401997114288000000000000000000000000
-0.022485605039856759000000000000000000000000 -0.31018758766472582000000000000000000000000 / -0.052747148640484041000000000000000000000000
0.064245236623285948000000000000000000000000 -0.39691850874097395000000000000000000000000 / 0.033983959713843812000000000000000000000000
-0.49962802493948855000000000000000000000000 0.16695477309551107000000000000000000000000 / -0.52988936993378921000000000000000000000000
-0.40384351765439913000000000000000000000000 0.071170267239937968000000000000000000000000 / -0.43410486744943338000000000000000000000000
-0.57771237833301747000000000000000000000000 0.24503909654760753000000000000000000000000 / -0.60797362277564648000000000000000000000000
0.014582842605367309000000000000000000000000 -0.34725619862023538000000000000000000000000 / -0.015678152553775443000000000000000000000000
-0.23295503061568384000000000000000000000000 -0.099718066941282685000000000000000000000000 / -0.26321689374750601000000000000000000000000
0.029027503460603912000000000000000000000000 -0.36170108396062439000000000000000000000000 / -0.0012327378118667553000000000000000000000000
0.0095881075306708946000000000000000000000000 -0.34226148060846595000000000000000000000000 / -0.020672830326650252000000000000000000000000
-0.16827004484706748000000000000000000000000 -0.6937659199587487000000000000000000000000 / -0.0035537364398467619000000000000000000000000
0.56003378968281503000000000000000000000000 0.48953442661343988000000000000000000000000 / -0.10293954861628479000000000000000000000000
-0.22653425269979127000000000000000000000000 -0.38366500529595399000000000000000000000000 / -0.35833314517427961000000000000000000000000
0.16025908643723277000000000000000000000000 0.2531422101245735000000000000000000000000 / -0.44370745248452692000000000000000000000000
7.7224429962935304000000000000000000000000 -3.3344989173672914000000000000000000000000 / -11.25036232381712000000000000000000000000
6.0793974765363972000000000000000000000000 -0.14781170005845209000000000000000000000000 / -6.3945675750323856000000000000000000000000
0.98437315513361545000000000000000000000000 0.39121862029590815000000000000000000000000 / -2.083510980150185000000000000000000000000
0.63841102613646328000000000000000000000000 1.2917820793389332000000000000000000000000 / 1.3907672934368227000000000000000000000000
0.064400247050783704000000000000000000000000 0.15875010610308887000000000000000000000000 / -0.54653452128164159000000000000000000000000
0.10254915659369031000000000000000000000000 -0.23362762132314144000000000000000000000000 / -0.61173559035372427000000000000000000000000
0.063890739981134884000000000000000000000000 0.093384708344558864000000000000000000000000 / 0.091141191229698271000000000000000000000000
0.00099558976576039288000000000000000000000000 -0.19035563895658461000000000000000000000000 / -0.57184883104731921000000000000000000000000
-0.037988666253024106000000000000000000000000 -0.032012311527819928000000000000000000000000 / 0.076262070019403078000000000000000000000000
0.015093510857214831000000000000000000000000 -0.082675410668037783000000000000000000000000 / -0.68480035247604254000000000000000000000000
/
32
38
0.097252390648993603000000000000000000000000 -0.027366877175712599000000000000000000000000 -0.080566610882902678000000000000000000000000 -0.080566613445423693000000000000000000000000 -0.08056662799471806000000000000000000000000 -0.080566609271834386000000000000000000000000 -0.080566701274122965000000000000000000000000 -0.080566611979668981000000000000000000000000 -0.080566613465786752000000000000000000000000 -0.080566650801774872000000000000000000000000 -0.080566613302835904000000000000000000000000 -0.080566617676670796000000000000000000000000 -0.080566618726326131000000000000000000000000 -0.080566613732901637000000000000000000000000 -0.080566613298096584000000000000000000000000 -0.080566613792234537000000000000000000000000 -0.080566616343827668000000000000000000000000 -0.080566615692421184000000000000000000000000 -0.080566615646489606000000000000000000000000 -0.080566616654457218000000000000000000000000 -0.080566619039499771000000000000000000000000 -0.080566610735090929000000000000000000000000 -0.080566626252378884000000000000000000000000 -0.080566619587742624000000000000000000000000 -0.082811900252712553000000000000000000000000 -0.16090939695633633000000000000000000000000 -0.070341087346906014000000000000000000000000 -0.16510375352361639000000000000000000000000 -0.1122789740205949000000000000000000000000 -0.074377649401766763000000000000000000000000 -0.60828136175281466000000000000000000000000 -0.76038721092506711000000000000000000000000 0.42844213191979447000000000000000000000000 -0.041844609498420941000000000000000000000000 0.16606979572791689000000000000000000000000 -0.048510311697046851000000000000000000000000 0.097272892876703543000000000000000000000000 -0.027414655522010157000000000000000000000000 / -0.84126347850762007000000000000000000000000
-0.0056467771918021457000000000000000000000000 0.10970176960933585000000000000000000000000 -0.080191740800490005000000000000000000000000 -0.080191743378514049000000000000000000000000 -0.080191758015829825000000000000000000000000 -0.080191739179674953000000000000000000000000 -0.080191831738505928000000000000000000000000 -0.0801917419038886000000000000000000000000 -0.08019174339899926000000000000000000000000 -0.080191780960853096000000000000000000000000 -0.080191743235061202000000000000000000000000 -0.080191747635359259000000000000000000000000 -0.080191748691360962000000000000000000000000 -0.080191743667727786000000000000000000000000 -0.080191743230295251000000000000000000000000 -0.080191743727423562000000000000000000000000 -0.080191746294449737000000000000000000000000 -0.080191745639105166000000000000000000000000 -0.080191745592892022000000000000000000000000 -0.080191746606961711000000000000000000000000 -0.080191749006433749000000000000000000000000 -0.080191740651782695000000000000000000000000 -0.08019175626295047000000000000000000000000 -0.080191749557988024000000000000000000000000 -0.082712996846780629000000000000000000000000 -0.094769845317709211000000000000000000000000 -0.11150419461672000000000000000000000000 -0.099766538232901339000000000000000000000000 -0.046769306978892325000000000000000000000000 -0.0082939683645985533000000000000000000000000 -0.5422702292271373000000000000000000000000 -0.69420514121315524000000000000000000000000 -0.022621616144996717000000000000000000000000 0.46046838169308502000000000000000000000000 0.0073000986760732032000000000000000000000000 0.20213122112841264000000000000000000000000 -0.0056476548705461744000000000000000000000000 0.10970381491957082000000000000000000000000 / -0.77507960268857856000000000000000000000000
-0.011759983615134728000000000000000000000000 -0.011061536527156099000000000000000000000000 0.91805486438776629000000000000000000000000 -0.081945138242805651000000000000000000000000 -0.081945153178453203000000000000000000000000 -0.081945133958390662000000000000000000000000 -0.081945228403941875000000000000000000000000 -0.081945136738124882000000000000000000000000 -0.081945138263710277000000000000000000000000 -0.081945176591169247000000000000000000000000 -0.081945138096430684000000000000000000000000 -0.081945142586412639000000000000000000000000 -0.081945143663935918000000000000000000000000 -0.081945138537915865000000000000000000000000 -0.081945138091568323000000000000000000000000 -0.081945138598826614000000000000000000000000 -0.081945141218175227000000000000000000000000 -0.081945140549475215000000000000000000000000 -0.081945140502320143000000000000000000000000 -0.081945141537052596000000000000000000000000 -0.081945143985432567000000000000000000000000 -0.08194513546050064000000000000000000000000 -0.081945151389849077000000000000000000000000 -0.081945144548229223000000000000000000000000 -0.083370795090248431000000000000000000000000 -0.077230073315547598000000000000000000000000 -0.07088633995653891000000000000000000000000 -0.079807231770659459000000000000000000000000 -0.025004048004600477000000000000000000000000 0.010240543430038001000000000000000000000000 -0.52347199189622828000000000000000000000000 -0.67721598999303523000000000000000000000000 -0.041260651562835648000000000000000000000000 -0.040780912036196243000000000000000000000000 -0.02418365689726407000000000000000000000000 -0.019864532356382306000000000000000000000000 -0.011772181329366829000000000000000000000000 -0.011033110980465792000000000000000000000000 / -0.75811610381628614000000000000000000000000
-0.011759984140202072000000000000000000000000 -0.011061536967770395000000000000000000000000 -0.08194513929041583000000000000000000000000 0.91805485807902554000000000000000000000000 -0.081945156856633186000000000000000000000000 -0.081945137636568896000000000000000000000000 -0.081945232082130656000000000000000000000000 -0.081945140416301521000000000000000000000000 -0.08194514194188951000000000000000000000000 -0.081945180269352991000000000000000000000000 -0.081945141774608127000000000000000000000000 -0.081945146264589888000000000000000000000000 -0.081945147342114569000000000000000000000000 -0.081945142216095238000000000000000000000000 -0.081945141769741395000000000000000000000000 -0.081945142277005265000000000000000000000000 -0.081945144896355723000000000000000000000000 -0.081945144227646413000000000000000000000000 -0.081945144180497906000000000000000000000000 -0.081945145215234744000000000000000000000000 -0.081945147663612827000000000000000000000000 -0.081945139138677625000000000000000000000000 -0.081945155068025882000000000000000000000000 -0.081945148226407943000000000000000000000000 -0.083370798935101811000000000000000000000000 -0.077230075202157314000000000000000000000000 -0.070886341811672415000000000000000000000000 -0.079807233852785694000000000000000000000000 -0.025004039151408551000000000000000000000000 0.010240551245653706000000000000000000000000 -0.52347199463922878000000000000000000000000 -0.67721599267688826000000000000000000000000 -0.041260653433905857000000000000000000000000 -0.040780913665256623000000000000000000000000 -0.02418365813738849000000000000000000000000 -0.019864533071345013000000000000000000000000 -0.011772181852128749000000000000000000000000 -0.011033111426452646000000000000000000000000 / -0.75811610676236763000000000000000000000000
-0.011759987121396278000000000000000000000000 -0.011061539469465751000000000000000000000000 -0.081945160174148907000000000000000000000000 -0.081945162804723262000000000000000000000000 0.91805482225962487000000000000000000000000 -0.081945158520301445000000000000000000000000 -0.081945252965964069000000000000000000000000 -0.081945161300038538000000000000000000000000 -0.081945162825625181000000000000000000000000 -0.08194520115313228000000000000000000000000 -0.081945162658346365000000000000000000000000 -0.081945167148332942000000000000000000000000 -0.081945168225857207000000000000000000000000 -0.081945163099832102000000000000000000000000 -0.081945162653480355000000000000000000000000 -0.081945163160742268000000000000000000000000 -0.081945165780094614000000000000000000000000 -0.081945165111391272000000000000000000000000 -0.081945165064241751000000000000000000000000 -0.081945166098970623000000000000000000000000 -0.081945168547354272000000000000000000000000 -0.081945160022410868000000000000000000000000 -0.081945175951783383000000000000000000000000 -0.081945169110153926000000000000000000000000 -0.083370820765181139000000000000000000000000 -0.077230085913836025000000000000000000000000 -0.070886352344654138000000000000000000000000 -0.07980724567456865000000000000000000000000 -0.025003988885307513000000000000000000000000 0.010240595620624899000000000000000000000000 -0.52347201021331979000000000000000000000000 -0.67721600791519188000000000000000000000000 -0.041260664057352098000000000000000000000000 -0.040780922914652851000000000000000000000000 -0.024183665178477358000000000000000000000000 -0.019864537130724003000000000000000000000000 -0.01177218482023352000000000000000000000000 -0.011033113958651615000000000000000000000000 / -0.75811612348932744000000000000000000000000
-0.011759983285023139000000000000000000000000 -0.011061536250140169000000000000000000000000 -0.081945133299757084000000000000000000000000 -0.081945135930323695000000000000000000000000 -0.081945150865970248000000000000000000000000 0.91805486835405425000000000000000000000000 -0.081945226091444362000000000000000000000000 -0.081945134425642274000000000000000000000000 -0.081945135951222395000000000000000000000000 -0.081945174278681587000000000000000000000000 -0.081945135783950046000000000000000000000000 -0.081945140273927145000000000000000000000000 -0.081945141351452463000000000000000000000000 -0.081945136225432327000000000000000000000000 -0.081945135779085104000000000000000000000000 -0.081945136286342909000000000000000000000000 -0.081945138905691037000000000000000000000000 -0.081945138236988138000000000000000000000000 -0.0819451381898368000000000000000000000000 -0.081945139224572028000000000000000000000000 -0.081945141672947142000000000000000000000000 -0.081945133148017199000000000000000000000000 -0.081945149077363513000000000000000000000000 -0.08194514223574717000000000000000000000000 -0.083370792672970401000000000000000000000000 -0.077230072129435584000000000000000000000000 -0.070886338790204478000000000000000000000000 -0.079807230461617473000000000000000000000000 -0.025004053570642532000000000000000000000000 0.010240538516322662000000000000000000000000 -0.52347199017169854000000000000000000000000 -0.67721598830563945000000000000000000000000 -0.041260650386488129000000000000000000000000 -0.040780911011999647000000000000000000000000 -0.02418365611759303000000000000000000000000 -0.019864531906883007000000000000000000000000 -0.011772181000704677000000000000000000000000 -0.011033110700072096000000000000000000000000 / -0.75811610196409729000000000000000000000000
-0.011760002136704147000000000000000000000000 -0.011061552069763364000000000000000000000000 -0.081945265359103958000000000000000000000000 -0.081945267989691331000000000000000000000000 -0.081945282925430671000000000000000000000000 -0.081945263705248503000000000000000000000000 0.91805464184860974000000000000000000000000 -0.081945266485000806000000000000000000000000 -0.08194526801058942000000000000000000000000 -0.081945306338298149000000000000000000000000 -0.081945267843312991000000000000000000000000 -0.081945272333326588000000000000000000000000 -0.081945273410857389000000000000000000000000 -0.081945268284799977000000000000000000000000 -0.081945267838446967000000000000000000000000 -0.081945268345712696000000000000000000000000 -0.081945270965076339000000000000000000000000 -0.081945270296368222000000000000000000000000 -0.081945270249217717000000000000000000000000 -0.081945271283959079000000000000000000000000 -0.081945273732352317000000000000000000000000 -0.081945265207365225000000000000000000000000 -0.081945281136814208000000000000000000000000 -0.08194527429515186000000000000000000000000 -0.083370930716258909000000000000000000000000 -0.077230139865500647000000000000000000000000 -0.070886405395812632000000000000000000000000 -0.079807305216662877000000000000000000000000 -0.025003735711172075000000000000000000000000 0.010240819121882667000000000000000000000000 -0.52347208865514494000000000000000000000000 -0.67721608466598715000000000000000000000000 -0.041260717564308075000000000000000000000000 -0.040780969501331289000000000000000000000000 -0.024183700641887476000000000000000000000000 -0.019864557576731487000000000000000000000000 -0.011772199769617839000000000000000000000000 -0.011033126712577416000000000000000000000000 / -0.75811620773798993000000000000000000000000
-0.01175998383986491000000000000000000000000 -0.011061536715740209000000000000000000000000 -0.081945137186506492000000000000000000000000 -0.081945139817071244000000000000000000000000 -0.081945154752722613000000000000000000000000 -0.081945135532656463000000000000000000000000 -0.081945229978213727000000000000000000000000 0.91805486168759487000000000000000000000000 -0.081945139837975176000000000000000000000000 -0.081945178165435797000000000000000000000000 -0.081945139670695652000000000000000000000000 -0.081945144160682368000000000000000000000000 -0.081945145238206063000000000000000000000000 -0.081945140112184997000000000000000000000000 -0.081945139665833527000000000000000000000000 -0.081945140173094053000000000000000000000000 -0.081945142792443346000000000000000000000000 -0.081945142123740017000000000000000000000000 -0.081945142076587194000000000000000000000000 -0.081945143111322005000000000000000000000000 -0.081945145559700519000000000000000000000000 -0.081945137034768467000000000000000000000000 -0.081945152964117599000000000000000000000000 -0.081945146122498896000000000000000000000000 -0.083370796735851668000000000000000000000000 -0.077230074123021658000000000000000000000000 -0.070886340750540233000000000000000000000000 -0.079807232661813512000000000000000000000000 -0.025004044215419057000000000000000000000000 0.010240546775135126000000000000000000000000 -0.52347199307025349000000000000000000000000 -0.67721599114170039000000000000000000000000 -0.041260652363658633000000000000000000000000 -0.040780912733438347000000000000000000000000 -0.024183657428040455000000000000000000000000 -0.019864532662388471000000000000000000000000 -0.011772181553110286000000000000000000000000 -0.011033111171349369000000000000000000000000 / -0.75811610507722194000000000000000000000000
-0.011759984144374245000000000000000000000000 -0.011061536971271796000000000000000000000000 -0.081945139319644852000000000000000000000000 -0.081945141950211048000000000000000000000000 -0.081945156885860418000000000000000000000000 -0.081945137665797488000000000000000000000000 -0.08194523211136083000000000000000000000000 -0.08194514044553311000000000000000000000000 0.91805485802888009000000000000000000000000 -0.081945180298580778000000000000000000000000 -0.081945141803836566000000000000000000000000 -0.081945146293821075000000000000000000000000 -0.081945147371345992000000000000000000000000 -0.08194514224532029000000000000000000000000 -0.08194514179897168000000000000000000000000 -0.081945142306229221000000000000000000000000 -0.081945144925583677000000000000000000000000 -0.081945144256877281000000000000000000000000 -0.081945144209723444000000000000000000000000 -0.081945145244458881000000000000000000000000 -0.081945147692837533000000000000000000000000 -0.081945139167905925000000000000000000000000 -0.081945155097255043000000000000000000000000 -0.081945148255637368000000000000000000000000 -0.0833707989656544000000000000000000000000 -0.077230075217148822000000000000000000000000 -0.070886341826413055000000000000000000000000 -0.079807233869333305000000000000000000000000 -0.025004039081058672000000000000000000000000 0.010240551307759815000000000000000000000000 -0.52347199466104921000000000000000000000000 -0.67721599269821087000000000000000000000000 -0.041260653448773318000000000000000000000000 -0.040780913678202454000000000000000000000000 -0.024183658147242416000000000000000000000000 -0.019864533077026646000000000000000000000000 -0.011772181856282607000000000000000000000000 -0.011033111429996733000000000000000000000000 / -0.75811610678575836000000000000000000000000
-0.011759991794649066000000000000000000000000 -0.011061543391077041000000000000000000000000 -0.081945192911071621000000000000000000000000 -0.081945195541649613000000000000000000000000 -0.081945210477337244000000000000000000000000 -0.081945191257223646000000000000000000000000 -0.081945285703035553000000000000000000000000 -0.081945194036960475000000000000000000000000 -0.081945195562550976000000000000000000000000 0.91805476610987558000000000000000000000000 -0.081945195395273993000000000000000000000000 -0.081945199885267911000000000000000000000000 -0.081945200962792883000000000000000000000000 -0.081945195836758411000000000000000000000000 -0.081945195390408551000000000000000000000000 -0.081945195897669895000000000000000000000000 -0.081945198517026252000000000000000000000000 -0.081945197848319065000000000000000000000000 -0.081945197801169503000000000000000000000000 -0.081945198835905522000000000000000000000000 -0.081945201284287852000000000000000000000000 -0.081945192759333929000000000000000000000000 -0.081945208688725679000000000000000000000000 -0.081945201847093044000000000000000000000000 -0.083370854985535037000000000000000000000000 -0.077230102705277651000000000000000000000000 -0.070886368855909196000000000000000000000000 -0.079807264206081377000000000000000000000000 -0.025003910089284449000000000000000000000000 0.010240665181690865000000000000000000000000 -0.52347203462695513000000000000000000000000 -0.67721603180244683000000000000000000000000 -0.041260680710440797000000000000000000000000 -0.040780937413863211000000000000000000000000 -0.024183676215894338000000000000000000000000 -0.019864543494147319000000000000000000000000 -0.011772189472968087000000000000000000000000 -0.011033117928078548000000000000000000000000 / -0.75811614971018804000000000000000000000000
-0.01175998411098573000000000000000000000000 -0.011061536943252579000000000000000000000000 -0.081945139085743884000000000000000000000000 -0.081945141716313216000000000000000000000000 -0.0819451566519626000000000000000000000000 -0.081945137431899712000000000000000000000000 -0.081945231877463581000000000000000000000000 -0.081945140211634099000000000000000000000000 -0.081945141737219326000000000000000000000000 -0.081945180064685721000000000000000000000000 0.91805485843005796000000000000000000000000 -0.081945146059923243000000000000000000000000 -0.081945147137450131000000000000000000000000 -0.081945142011424499000000000000000000000000 -0.081945141565074944000000000000000000000000 -0.081945142072335622000000000000000000000000 -0.081945144691684402000000000000000000000000 -0.081945144022978839000000000000000000000000 -0.081945143975830012000000000000000000000000 -0.081945145010562478000000000000000000000000 -0.081945147458942338000000000000000000000000 -0.081945138934010037000000000000000000000000 -0.081945154863360167000000000000000000000000 -0.081945148021739578000000000000000000000000 -0.083370798721157463000000000000000000000000 -0.077230075097179537000000000000000000000000 -0.070886341708446585000000000000000000000000 -0.07980723373693048000000000000000000000000 -0.025004039644045128000000000000000000000000 0.010240550810752688000000000000000000000000 -0.52347199448660398000000000000000000000000 -0.67721599252754416000000000000000000000000 -0.041260653329793284000000000000000000000000 -0.04078091357460796000000000000000000000000 -0.024183658068384083000000000000000000000000 -0.019864533031561018000000000000000000000000 -0.011772181823040687000000000000000000000000 -0.011033111401635889000000000000000000000000 / -0.75811610659840634000000000000000000000000
-0.011759985007196813000000000000000000000000 -0.011061537695315735000000000000000000000000 -0.081945145363849364000000000000000000000000 -0.081945147994416642000000000000000000000000 -0.081945162930072937000000000000000000000000 -0.081945143710003429000000000000000000000000 -0.081945238155591862000000000000000000000000 -0.081945146489735388000000000000000000000000 -0.081945148015320268000000000000000000000000 -0.081945186342801471000000000000000000000000 -0.081945147848042091000000000000000000000000 0.91805484766199197000000000000000000000000 -0.081945153415550934000000000000000000000000 -0.081945148289525649000000000000000000000000 -0.081945147843176219000000000000000000000000 -0.081945148350436786000000000000000000000000 -0.081945150969788147000000000000000000000000 -0.081945150301080932000000000000000000000000 -0.081945150253930163000000000000000000000000 -0.081945151288666598000000000000000000000000 -0.081945153737043835000000000000000000000000 -0.081945145212111714000000000000000000000000 -0.0819451611414653000000000000000000000000 -0.081945154299846681000000000000000000000000 -0.083370805283750307000000000000000000000000 -0.077230078317335749000000000000000000000000 -0.070886344874885612000000000000000000000000 -0.079807237290816541000000000000000000000000 -0.025004024532963628000000000000000000000000 0.010240564150839808000000000000000000000000 -0.52347199916851428000000000000000000000000 -0.67721599710848657000000000000000000000000 -0.041260656523430403000000000000000000000000 -0.040780916355173891000000000000000000000000 -0.024183660185088628000000000000000000000000 -0.019864534251896444000000000000000000000000 -0.011772182715316782000000000000000000000000 -0.011033112162869141000000000000000000000000 / -0.75811611162692116000000000000000000000000
-0.011759985222273997000000000000000000000000 -0.011061537875799584000000000000000000000000 -0.081945146870496213000000000000000000000000 -0.081945149501066489000000000000000000000000 -0.081945164436724366000000000000000000000000 -0.081945145216647877000000000000000000000000 -0.081945239662245664000000000000000000000000 -0.081945147996383902000000000000000000000000 -0.081945149521965244000000000000000000000000 -0.081945187849448223000000000000000000000000 -0.081945149354687066000000000000000000000000 -0.081945153844672186000000000000000000000000 0.91805484507779844000000000000000000000000 -0.081945149796174108000000000000000000000000 -0.081945149349824636000000000000000000000000 -0.081945149857085633000000000000000000000000 -0.081945152476436522000000000000000000000000 -0.081945151807730418000000000000000000000000 -0.081945151760578136000000000000000000000000 -0.081945152795315446000000000000000000000000 -0.081945155243691309000000000000000000000000 -0.08194514671875637000000000000000000000000 -0.081945162648114217000000000000000000000000 -0.081945155806489117000000000000000000000000 -0.083370806858670904000000000000000000000000 -0.077230079090127635000000000000000000000000 -0.070886345634783868000000000000000000000000 -0.079807238143695072000000000000000000000000 -0.025004020906543734000000000000000000000000 0.010240567352247255000000000000000000000000 -0.52347200029208407000000000000000000000000 -0.67721599820786216000000000000000000000000 -0.041260657289854286000000000000000000000000 -0.040780917022467562000000000000000000000000 -0.024183660693065625000000000000000000000000 -0.019864534544758835000000000000000000000000 -0.011772182929449631000000000000000000000000 -0.011033112345553667000000000000000000000000 / -0.75811611283366342000000000000000000000000
-0.011759984199106659000000000000000000000000 -0.011061537017200574000000000000000000000000 -0.081945139703053019000000000000000000000000 -0.081945142333619742000000000000000000000000 -0.081945157269272165000000000000000000000000 -0.081945138049204155000000000000000000000000 -0.081945232494770565000000000000000000000000 -0.081945140828937515000000000000000000000000 -0.081945142354522979000000000000000000000000 -0.081945180681995439000000000000000000000000 -0.081945142187243941000000000000000000000000 -0.081945146677225689000000000000000000000000 -0.081945147754750633000000000000000000000000 0.918054857371285000000000000000000000000 -0.081945142182378305000000000000000000000000 -0.0819451426896389000000000000000000000000 -0.08194514530899176000000000000000000000000 -0.081945144640285225000000000000000000000000 -0.081945144593135552000000000000000000000000 -0.081945145627867685000000000000000000000000 -0.081945148076244506000000000000000000000000 -0.081945139551311802000000000000000000000000 -0.081945155480664181000000000000000000000000 -0.0819451486390433000000000000000000000000 -0.08337079936643732000000000000000000000000 -0.077230075413808733000000000000000000000000 -0.070886342019791854000000000000000000000000 -0.079807234086374926000000000000000000000000 -0.025004038158222705000000000000000000000000 0.010240552122437786000000000000000000000000 -0.5234719949469524000000000000000000000000 -0.67721599297794988000000000000000000000000 -0.041260653643811193000000000000000000000000 -0.040780913848011559000000000000000000000000 -0.024183658276511571000000000000000000000000 -0.019864533151552864000000000000000000000000 -0.011772181910774705000000000000000000000000 -0.011033111476485544000000000000000000000000 / -0.75811610709287403000000000000000000000000
-0.011759984110014079000000000000000000000000 -0.01106153694243768000000000000000000000000 -0.081945139078949056000000000000000000000000 -0.081945141709516334000000000000000000000000 -0.081945156645165967000000000000000000000000 -0.081945137425098402000000000000000000000000 -0.081945231870661717000000000000000000000000 -0.081945140204833067000000000000000000000000 -0.08194514173041792000000000000000000000000 -0.081945180057883593000000000000000000000000 -0.081945141563139964000000000000000000000000 -0.081945146053123891000000000000000000000000 -0.081945147130646503000000000000000000000000 -0.08194514200462423000000000000000000000000 0.91805485844174595000000000000000000000000 -0.081945142065532037000000000000000000000000 -0.081945144684886784000000000000000000000000 -0.081945144016182428000000000000000000000000 -0.081945143969028605000000000000000000000000 -0.081945145003761891000000000000000000000000 -0.08194514745213996000000000000000000000000 -0.081945138927209754000000000000000000000000 -0.081945154856558997000000000000000000000000 -0.081945148014937144000000000000000000000000 -0.083370798714047165000000000000000000000000 -0.077230075093691272000000000000000000000000 -0.070886341705013359000000000000000000000000 -0.079807233733079894000000000000000000000000 -0.025004039660408012000000000000000000000000 0.01024055079630732000000000000000000000000 -0.52347199448153747000000000000000000000000 -0.67721599252257247000000000000000000000000 -0.041260653326332032000000000000000000000000 -0.040780913571596168000000000000000000000000 -0.024183658066088923000000000000000000000000 -0.019864533030239155000000000000000000000000 -0.011772181822073305000000000000000000000000 -0.011033111400811039000000000000000000000000 / -0.75811610659298401000000000000000000000000
-0.011759984211264339000000000000000000000000 -0.011061537027402818000000000000000000000000 -0.081945139788218574000000000000000000000000 -0.081945142418786296000000000000000000000000 -0.08194515735444062000000000000000000000000 -0.081945138134370862000000000000000000000000 -0.081945232579941338000000000000000000000000 -0.081945140914107539000000000000000000000000 -0.081945142439690893000000000000000000000000 -0.081945180767157483000000000000000000000000 -0.081945142272411439000000000000000000000000 -0.081945146762394644000000000000000000000000 -0.081945147839920046000000000000000000000000 -0.081945142713895441000000000000000000000000 -0.081945142267549301000000000000000000000000 0.91805485722520364000000000000000000000000 -0.081945145394157468000000000000000000000000 -0.081945144725450864000000000000000000000000 -0.081945144678301343000000000000000000000000 -0.081945145713034226000000000000000000000000 -0.081945148161413697000000000000000000000000 -0.081945139636483297000000000000000000000000 -0.081945155565829264000000000000000000000000 -0.081945148724209216000000000000000000000000 -0.083370799455461775000000000000000000000000 -0.077230075457488168000000000000000000000000 -0.070886342062746382000000000000000000000000 -0.079807234134580213000000000000000000000000 -0.025004037953220211000000000000000000000000 0.010240552303414982000000000000000000000000 -0.52347199501047015000000000000000000000000 -0.67721599304011615000000000000000000000000 -0.0412606536871356000000000000000000000000 -0.040780913885733301000000000000000000000000 -0.024183658305226167000000000000000000000000 -0.019864533168107639000000000000000000000000 -0.011772181922879002000000000000000000000000 -0.011033111486812189000000000000000000000000 / -0.75811610716108957000000000000000000000000
-0.011759984734093445000000000000000000000000 -0.011061537466139351000000000000000000000000 -0.081945143450718641000000000000000000000000 -0.081945146081286432000000000000000000000000 -0.081945161016940979000000000000000000000000 -0.081945141796865309000000000000000000000000 -0.08194523624245148000000000000000000000000 -0.08194514457660293000000000000000000000000 -0.081945146102188948000000000000000000000000 -0.081945184429663184000000000000000000000000 -0.081945145934912866000000000000000000000000 -0.081945150424894947000000000000000000000000 -0.081945151502418601000000000000000000000000 -0.081945146376397757000000000000000000000000 -0.081945145930043803000000000000000000000000 -0.081945146437306493000000000000000000000000 0.91805485094334482000000000000000000000000 -0.081945148387952901000000000000000000000000 -0.081945148340797885000000000000000000000000 -0.081945149375532891000000000000000000000000 -0.081945151823912404000000000000000000000000 -0.081945143298974482000000000000000000000000 -0.081945159228330441000000000000000000000000 -0.081945152386710393000000000000000000000000 -0.083370803283925571000000000000000000000000 -0.07723007733605447000000000000000000000000 -0.07088634390997417000000000000000000000000 -0.079807236207840887000000000000000000000000 -0.025004029137780395000000000000000000000000 0.010240560085701057000000000000000000000000 -0.52347199774179631000000000000000000000000 -0.67721599571251523000000000000000000000000 -0.041260655550229751000000000000000000000000 -0.040780915507851095000000000000000000000000 -0.024183659540063098000000000000000000000000 -0.019864533880023426000000000000000000000000 -0.011772182443412526000000000000000000000000 -0.011033111930898344000000000000000000000000 / -0.75811611009458213000000000000000000000000
-0.011759984600617768000000000000000000000000 -0.011061537354131887000000000000000000000000 -0.081945142515700772000000000000000000000000 -0.081945145146269549000000000000000000000000 -0.081945160081922153000000000000000000000000 -0.081945140861850119000000000000000000000000 -0.081945235307430364000000000000000000000000 -0.081945143641588072000000000000000000000000 -0.081945145167169733000000000000000000000000 -0.081945183494641111000000000000000000000000 -0.081945144999892097000000000000000000000000 -0.081945149489872915000000000000000000000000 -0.081945150567400524000000000000000000000000 -0.081945145441377182000000000000000000000000 -0.081945144995027475000000000000000000000000 -0.081945145502289221000000000000000000000000 -0.081945148121636141000000000000000000000000 0.91805485254706509000000000000000000000000 -0.081945147405779226000000000000000000000000 -0.081945148440517604000000000000000000000000 -0.081945150888896104000000000000000000000000 -0.08194514236395975000000000000000000000000 -0.081945158293313558000000000000000000000000 -0.08194515145169036000000000000000000000000 -0.08337080230653561000000000000000000000000 -0.077230076856468224000000000000000000000000 -0.070886343438384736000000000000000000000000 -0.079807235678547236000000000000000000000000 -0.0250040313883103000000000000000000000000 0.01024055809893169000000000000000000000000 -0.52347199704451153000000000000000000000000 -0.67721599503029628000000000000000000000000 -0.041260655074591236000000000000000000000000 -0.040780915093731926000000000000000000000000 -0.024183659224815433000000000000000000000000 -0.019864533698274525000000000000000000000000 -0.011772182310522898000000000000000000000000 -0.011033111817525155000000000000000000000000 / -0.75811610934564988000000000000000000000000
-0.011759984591206316000000000000000000000000 -0.011061537346234373000000000000000000000000 -0.081945142449772829000000000000000000000000 -0.081945145080337942000000000000000000000000 -0.08194516001598999000000000000000000000000 -0.081945140795922078000000000000000000000000 -0.081945235241502407000000000000000000000000 -0.081945143575659324000000000000000000000000 -0.081945145101241179000000000000000000000000 -0.081945183428712182000000000000000000000000 -0.081945144933966749000000000000000000000000 -0.081945149423945263000000000000000000000000 -0.081945150501473746000000000000000000000000 -0.081945145375447961000000000000000000000000 -0.081945144929097838000000000000000000000000 -0.081945145436357114000000000000000000000000 -0.081945148055712541000000000000000000000000 -0.081945147387004189000000000000000000000000 0.91805485266015263000000000000000000000000 -0.081945148374588023000000000000000000000000 -0.081945150822966342000000000000000000000000 -0.081945142298030155000000000000000000000000 -0.081945158227384657000000000000000000000000 -0.081945151385763471000000000000000000000000 -0.083370802237621403000000000000000000000000 -0.077230076822651164000000000000000000000000 -0.070886343405134125000000000000000000000000 -0.079807235641226951000000000000000000000000 -0.025004031547005055000000000000000000000000 0.010240557958833886000000000000000000000000 -0.5234719969953272000000000000000000000000 -0.67721599498218288000000000000000000000000 -0.041260655041053106000000000000000000000000 -0.040780915064532082000000000000000000000000 -0.024183659202587214000000000000000000000000 -0.019864533685459707000000000000000000000000 -0.011772182301152768000000000000000000000000 -0.011033111809531341000000000000000000000000 / -0.758116109292854000000000000000000000000
-0.011759984797741346000000000000000000000000 -0.011061537519550165000000000000000000000000 -0.081945143896587191000000000000000000000000 -0.081945146527155552000000000000000000000000 -0.08194516146280563000000000000000000000000 -0.081945142242735511000000000000000000000000 -0.081945236688322681000000000000000000000000 -0.081945145022474783000000000000000000000000 -0.0819451465480555000000000000000000000000 -0.081945184875532956000000000000000000000000 -0.081945146380778669000000000000000000000000 -0.081945150870763803000000000000000000000000 -0.081945151948285985000000000000000000000000 -0.081945146822262296000000000000000000000000 -0.081945146375914435000000000000000000000000 -0.081945146883171116000000000000000000000000 -0.081945149502523629000000000000000000000000 -0.081945148833816303000000000000000000000000 -0.081945148786663743000000000000000000000000 0.91805485017861688000000000000000000000000 -0.0819451522697799000000000000000000000000 -0.081945143744844323000000000000000000000000 -0.081945159674200047000000000000000000000000 -0.081945152832577459000000000000000000000000 -0.08337080374999925000000000000000000000000 -0.077230077564751781000000000000000000000000 -0.070886344134853757000000000000000000000000 -0.079807236460234687000000000000000000000000 -0.025004028064586136000000000000000000000000 0.010240561033120757000000000000000000000000 -0.52347199807428835000000000000000000000000 -0.67721599603789029000000000000000000000000 -0.041260655777037379000000000000000000000000 -0.040780915705323266000000000000000000000000 -0.024183659690389599000000000000000000000000 -0.019864533966690336000000000000000000000000 -0.011772182506780964000000000000000000000000 -0.01103311198496042000000000000000000000000 / -0.75811611045170613000000000000000000000000
-0.011759985286444246000000000000000000000000 -0.01106153792964884000000000000000000000000 -0.081945147320017925000000000000000000000000 -0.081945149950589061000000000000000000000000 -0.081945164886246688000000000000000000000000 -0.081945145666171601000000000000000000000000 -0.081945240111774065000000000000000000000000 -0.081945148445908597000000000000000000000000 -0.081945149971494421000000000000000000000000 -0.081945188298970975000000000000000000000000 -0.081945149804213066000000000000000000000000 -0.081945154294195466000000000000000000000000 -0.081945155371726253000000000000000000000000 -0.08194515024570144000000000000000000000000 -0.081945149799349998000000000000000000000000 -0.081945150306608289000000000000000000000000 -0.081945152925963591000000000000000000000000 -0.081945152257253948000000000000000000000000 -0.081945152210102373000000000000000000000000 -0.081945153244838392000000000000000000000000 0.91805484430675899000000000000000000000000 -0.081945147168279886000000000000000000000000 -0.081945163097636539000000000000000000000000 -0.081945156256014548000000000000000000000000 -0.083370807328567859000000000000000000000000 -0.077230079320695422000000000000000000000000 -0.070886345861509506000000000000000000000000 -0.07980723839816041000000000000000000000000 -0.025004019824558809000000000000000000000000 0.010240568307424338000000000000000000000000 -0.5234720006273027000000000000000000000000 -0.67721599853588499000000000000000000000000 -0.041260657518524445000000000000000000000000 -0.040780917221561776000000000000000000000000 -0.024183660844625251000000000000000000000000 -0.019864534632137436000000000000000000000000 -0.011772182993338128000000000000000000000000 -0.01103311240005952000000000000000000000000 / -0.75811611319371897000000000000000000000000
-0.011759983584847365000000000000000000000000 -0.011061536501739648000000000000000000000000 -0.081945135400070465000000000000000000000000 -0.081945138030639561000000000000000000000000 -0.081945152966287169000000000000000000000000 -0.081945133746224516000000000000000000000000 -0.081945228191770123000000000000000000000000 -0.081945136525962567000000000000000000000000 -0.081945138051542868000000000000000000000000 -0.081945176379002602000000000000000000000000 -0.081945137884261651000000000000000000000000 -0.081945142374244412000000000000000000000000 -0.081945143451770466000000000000000000000000 -0.08194513832574718000000000000000000000000 -0.08194513787939707000000000000000000000000 -0.081945138386657748000000000000000000000000 -0.08194514100600532000000000000000000000000 -0.081945140337304517000000000000000000000000 -0.081945140290148252000000000000000000000000 -0.081945141324885687000000000000000000000000 -0.081945143773262299000000000000000000000000 0.91805486475166265000000000000000000000000 -0.081945151177681697000000000000000000000000 -0.081945144336062037000000000000000000000000 -0.083370794868463563000000000000000000000000 -0.077230073206722663000000000000000000000000 -0.070886339849524485000000000000000000000000 -0.079807231650553798000000000000000000000000 -0.025004048515281312000000000000000000000000 0.010240542979209059000000000000000000000000 -0.52347199173801817000000000000000000000000 -0.67721598983820108000000000000000000000000 -0.041260651454907968000000000000000000000000 -0.040780911942226029000000000000000000000000 -0.024183656825730079000000000000000000000000 -0.019864532315140564000000000000000000000000 -0.01177218129921245000000000000000000000000 -0.011033110954739439000000000000000000000000 / -0.75811610364635185000000000000000000000000
-0.011759986764385614000000000000000000000000 -0.011061539169877075000000000000000000000000 -0.081945157673235583000000000000000000000000 -0.081945160303804276000000000000000000000000 -0.081945175239468176000000000000000000000000 -0.081945156019390161000000000000000000000000 -0.081945250465032884000000000000000000000000 -0.081945158799125853000000000000000000000000 -0.081945160324708347000000000000000000000000 -0.0819451986522097000000000000000000000000 -0.081945160157429198000000000000000000000000 -0.081945164647417024000000000000000000000000 -0.081945165724939886000000000000000000000000 -0.081945160598914588000000000000000000000000 -0.081945160152565047000000000000000000000000 -0.081945160659823879000000000000000000000000 -0.081945163279178224000000000000000000000000 -0.081945162610472425000000000000000000000000 -0.081945162563320392000000000000000000000000 -0.081945163598055537000000000000000000000000 -0.081945166046437479000000000000000000000000 -0.081945157521498335000000000000000000000000 0.91805482654913939000000000000000000000000 -0.081945166609237147000000000000000000000000 -0.083370818150934126000000000000000000000000 -0.077230084631065635000000000000000000000000 -0.070886351083284588000000000000000000000000 -0.07980724425886597000000000000000000000000 -0.025003994904889186000000000000000000000000 0.010240590306535695000000000000000000000000 -0.52347200834825613000000000000000000000000 -0.67721600609034327000000000000000000000000 -0.041260662785148686000000000000000000000000 -0.040780921806996918000000000000000000000000 -0.024183664335278122000000000000000000000000 -0.019864536644595622000000000000000000000000 -0.011772184464790359000000000000000000000000 -0.011033113655410031000000000000000000000000 / -0.75811612148618979000000000000000000000000
-0.011759985398780089000000000000000000000000 -0.011061538023916871000000000000000000000000 -0.081945148106951693000000000000000000000000 -0.081945150737521399000000000000000000000000 -0.081945165673177903000000000000000000000000 -0.081945146453101844000000000000000000000000 -0.081945240898706528000000000000000000000000 -0.081945149232837078000000000000000000000000 -0.081945150758421598000000000000000000000000 -0.081945189085906103000000000000000000000000 -0.081945150591143739000000000000000000000000 -0.081945155081129289000000000000000000000000 -0.08194515615865676000000000000000000000000 -0.081945151032628602000000000000000000000000 -0.081945150586275883000000000000000000000000 -0.0819451510935435000000000000000000000000 -0.081945153712891294000000000000000000000000 -0.081945153044186383000000000000000000000000 -0.081945152997031812000000000000000000000000 -0.08194515403176858000000000000000000000000 -0.081945156480145817000000000000000000000000 -0.081945147955212155000000000000000000000000 -0.081945163884568586000000000000000000000000 0.91805484295702389000000000000000000000000 -0.08337080815115884000000000000000000000000 -0.077230079724328743000000000000000000000000 -0.070886346258407257000000000000000000000000 -0.07980723884362724000000000000000000000000 -0.025004017930447178000000000000000000000000 0.010240569979553294000000000000000000000000 -0.52347200121418191000000000000000000000000 -0.67721599911009345000000000000000000000000 -0.041260657918830282000000000000000000000000 -0.040780917570092994000000000000000000000000 -0.024183661109944507000000000000000000000000 -0.0198645347851013000000000000000000000000 -0.011772183105180734000000000000000000000000 -0.011033112495476989000000000000000000000000 / -0.75811611382400002000000000000000000000000
0.089407843572334667000000000000000000000000 0.069568610667965672000000000000000000000000 -0.33543983153775742000000000000000000000000 -0.33543984235943847000000000000000000000000 -0.33543990380331962000000000000000000000000 -0.33543982473417844000000000000000000000000 -0.33544021330633628000000000000000000000000 -0.33543983616944772000000000000000000000000 -0.33543984244544034000000000000000000000000 -0.33544000012534081000000000000000000000000 -0.33543984175723968000000000000000000000000 -0.33543986022842243000000000000000000000000 -0.33543986466123377000000000000000000000000 -0.33543984357346018000000000000000000000000 -0.33543984173727892000000000000000000000000 -0.33543984382403924000000000000000000000000 -0.33543985459967662000000000000000000000000 -0.33543985184869751000000000000000000000000 -0.33543985165471984000000000000000000000000 -0.33543985591148967000000000000000000000000 -0.33543986598383041000000000000000000000000 -0.33543983091351781000000000000000000000000 -0.33543989644505706000000000000000000000000 -0.33543986829908279000000000000000000000000 0.83998233627268215000000000000000000000000 0.21425936182474323000000000000000000000000 0.57992000547759281000000000000000000000000 0.75511089408718401000000000000000000000000 0.47947987599557584000000000000000000000000 0.30838688006519432000000000000000000000000 -0.19307208219084152000000000000000000000000 -0.39961536352945892000000000000000000000000 -0.15693916939575747000000000000000000000000 -0.34191957867580303000000000000000000000000 0.25463581483173425000000000000000000000000 0.015283626791666709000000000000000000000000 0.089422845922225866000000000000000000000000 0.069533649016926366000000000000000000000000 / -0.48094763924706341000000000000000000000000
0.023257910438088853000000000000000000000000 0.015301805654645294000000000000000000000000 -0.15072700516173401000000000000000000000000 -0.15072700946605602000000000000000000000000 -0.15072703390524991000000000000000000000000 -0.15072700245560211000000000000000000000000 -0.15072715700671366000000000000000000000000 -0.15072700700398586000000000000000000000000 -0.15072700950026294000000000000000000000000 -0.1507270722167888000000000000000000000000 -0.15072700922653504000000000000000000000000 -0.15072701657343063000000000000000000000000 -0.15072701833657837000000000000000000000000 -0.15072700994893418000000000000000000000000 -0.15072700921858806000000000000000000000000 -0.15072701004860092000000000000000000000000 -0.15072701433460539000000000000000000000000 -0.15072701324040602000000000000000000000000 -0.1507270131632501000000000000000000000000 -0.15072701485637452000000000000000000000000 -0.15072701886263276000000000000000000000000 -0.15072700491344096000000000000000000000000 -0.15072703097851975000000000000000000000000 -0.15072701978352857000000000000000000000000 -0.10043303871264952000000000000000000000000 0.87529082665673075000000000000000000000000 0.087311122726308768000000000000000000000000 0.087765282936075134000000000000000000000000 0.055146551707025586000000000000000000000000 0.022712937437212886000000000000000000000000 -0.50164179578055956000000000000000000000000 -0.67444544965921882000000000000000000000000 -0.07298393115432783000000000000000000000000 -0.12984070323903352000000000000000000000000 0.064356654188030715000000000000000000000000 -0.0039601767981720945000000000000000000000000 0.023218859688196144000000000000000000000000 0.015392804958955224000000000000000000000000 / -0.75553309775861033000000000000000000000000
-0.02216412886845601000000000000000000000000 -0.0018174453853106189000000000000000000000000 -0.16460126093870639000000000000000000000000 -0.16460126271793066000000000000000000000000 -0.16460127281967324000000000000000000000000 -0.16460125982011364000000000000000000000000 -0.16460132369285541000000000000000000000000 -0.16460126170021774000000000000000000000000 -0.1646012627320726000000000000000000000000 -0.16460128865413398000000000000000000000000 -0.16460126261891089000000000000000000000000 -0.16460126565577138000000000000000000000000 -0.16460126638456057000000000000000000000000 -0.16460126291752583000000000000000000000000 -0.16460126261564623000000000000000000000000 -0.16460126295872651000000000000000000000000 -0.1646012647303596000000000000000000000000 -0.1646012642780689000000000000000000000000 -0.16460126424617616000000000000000000000000 -0.16460126494602642000000000000000000000000 -0.16460126660200963000000000000000000000000 -0.16460126083607224000000000000000000000000 -0.16460127160996868000000000000000000000000 -0.16460126698264527000000000000000000000000 -0.10123717324413281000000000000000000000000 -0.0025373830855348104000000000000000000000000 0.7454944119159963000000000000000000000000 0.33250155645850527000000000000000000000000 0.27300469890339807000000000000000000000000 0.21523561749106712000000000000000000000000 -0.30515400864420172000000000000000000000000 -0.48418841939587742000000000000000000000000 -0.019627475802749126000000000000000000000000 -0.058634244064793839000000000000000000000000 0.045430961557772154000000000000000000000000 0.011190217067764909000000000000000000000000 -0.022200599903949569000000000000000000000000 -0.0017324491871767043000000000000000000000000 / -0.56532586773040838000000000000000000000000
-0.02187612801905759000000000000000000000000 -0.01693950075378076000000000000000000000000 -0.088334484868174246000000000000000000000000 -0.088334493449917895000000000000000000000000 -0.08833454217409685000000000000000000000000 -0.088334479472778796000000000000000000000000 -0.0883347875639756000000000000000000000000 -0.08833448854118324000000000000000000000000 -0.08833449351811247000000000000000000000000 -0.088334618550643257000000000000000000000000 -0.088334492972399509000000000000000000000000 -0.088334507620062702000000000000000000000000 -0.088334511135262028000000000000000000000000 -0.088334494412656395000000000000000000000000 -0.08833449295652529000000000000000000000000 -0.08833449461136772000000000000000000000000 -0.088334503156480323000000000000000000000000 -0.088334500974957778000000000000000000000000 -0.088334500821135059000000000000000000000000 -0.088334504196749652000000000000000000000000 -0.088334512184061076000000000000000000000000 -0.088334484373157982000000000000000000000000 -0.088334536339233813000000000000000000000000 -0.088334514020075944000000000000000000000000 -0.095179073968542777000000000000000000000000 -0.063788286782556602000000000000000000000000 -0.013609880699620202000000000000000000000000 0.79237885768699123000000000000000000000000 0.20852810262007354000000000000000000000000 0.13703637432362148000000000000000000000000 -0.3835261276851793000000000000000000000000 -0.57263602554406723000000000000000000000000 -0.083161396107300417000000000000000000000000 -0.03966765415813709000000000000000000000000 -0.080666486221759773000000000000000000000000 -0.035971770600397211000000000000000000000000 -0.021984208819180819000000000000000000000000 -0.016687626045245586000000000000000000000000 / -0.65393542183477915000000000000000000000000
-0.0067784744413697893000000000000000000000000 -0.0061069882629256247000000000000000000000000 0.10369804253173222000000000000000000000000 0.10369805372417293000000000000000000000000 0.10369811727322618000000000000000000000000 0.10369803549504858000000000000000000000000 0.10369843738403868000000000000000000000000 0.10369804732211324000000000000000000000000 0.10369805381310614000000000000000000000000 0.1036982168959221000000000000000000000000 0.10369805310136657000000000000000000000000 0.1036980722053501000000000000000000000000 0.10369807679004063000000000000000000000000 0.10369805497979041000000000000000000000000 0.10369805308068179000000000000000000000000 0.10369805523895319000000000000000000000000 0.10369806638375208000000000000000000000000 0.10369806353853687000000000000000000000000 0.10369806333791677000000000000000000000000 0.10369806774052191000000000000000000000000 0.10369807815793967000000000000000000000000 0.10369804188611871000000000000000000000000 0.10369810966284135000000000000000000000000 0.10369808055255629000000000000000000000000 0.054699628388624542000000000000000000000000 0.018223274262321603000000000000000000000000 -0.02350809854385837000000000000000000000000 -0.11601382891019885000000000000000000000000 3.8592275233807078000000000000000000000000 -1.0243294251564636000000000000000000000000 -0.9587160410180906000000000000000000000000 -1.1082841335276514000000000000000000000000 0.034924063610361128000000000000000000000000 0.052304711685770278000000000000000000000000 -0.028382802493430226000000000000000000000000 0.0098570535797683004000000000000000000000000 -0.0067578834364263414000000000000000000000000 -0.0061549779243320803000000000000000000000000 / -1.2331444599706805000000000000000000000000
-0.1893733213912249000000000000000000000000 -0.18595722909649584000000000000000000000000 -1.6279593582389396000000000000000000000000 -1.6279594465224738000000000000000000000000 -1.6279599477726419000000000000000000000000 -1.6279593027346932000000000000000000000000 -1.6279624723984587000000000000000000000000 -1.6279593960244467000000000000000000000000 -1.6279594472239443000000000000000000000000 -1.6279607335200748000000000000000000000000 -1.627959441610066000000000000000000000000 -1.6279595922967207000000000000000000000000 -1.6279596284591917000000000000000000000000 -1.6279594564265127000000000000000000000000 -1.6279594414467142000000000000000000000000 -1.6279594584707422000000000000000000000000 -1.6279595463777836000000000000000000000000 -1.6279595239355931000000000000000000000000 -1.6279595223531724000000000000000000000000 -1.6279595570795575000000000000000000000000 -1.6279596392486804000000000000000000000000 -1.6279593531464771000000000000000000000000 -1.6279598877458323000000000000000000000000 -1.6279596581366322000000000000000000000000 -1.6782065556930319000000000000000000000000 -1.7692472367366001000000000000000000000000 -1.4228842874770506000000000000000000000000 -1.9602111272983098000000000000000000000000 -9.871916668091508000000000000000000000000 7.4396787320023501000000000000000000000000 2.0215029130633577000000000000000000000000 2.5912378867706014000000000000000000000000 -0.72301037801422718000000000000000000000000 -0.75852077655525929000000000000000000000000 -0.45438647634678164000000000000000000000000 -0.32260152514184143000000000000000000000000 -0.18937269392004455000000000000000000000000 -0.18595868703926566000000000000000000000000 / 2.2909729067870557000000000000000000000000
-0.039800637543591741000000000000000000000000 -0.036544544191431862000000000000000000000000 -0.29448933012749096000000000000000000000000 -0.29448935987661246000000000000000000000000 -0.29448952878343054000000000000000000000000 -0.29448931142406526000000000000000000000000 -0.29449037949130902000000000000000000000000 -0.29448934286016609000000000000000000000000 -0.29448936011299054000000000000000000000000 -0.29448979355519639000000000000000000000000 -0.29448935822125949000000000000000000000000 -0.29448940899843068000000000000000000000000 -0.29448942118416011000000000000000000000000 -0.29448936321399938000000000000000000000000 -0.29448935816622479000000000000000000000000 -0.29448936390283598000000000000000000000000 -0.29448939352506365000000000000000000000000 -0.29448938596267421000000000000000000000000 -0.29448938542943304000000000000000000000000 -0.29448939713125533000000000000000000000000 -0.29448942481990675000000000000000000000000 -0.29448932841147374000000000000000000000000 -0.29448950855618744000000000000000000000000 -0.29448943118459947000000000000000000000000 -0.31872132941719733000000000000000000000000 -0.34911601108867391000000000000000000000000 -0.25830131969236075000000000000000000000000 -0.34354066981019271000000000000000000000000 -2.6334013434675501000000000000000000000000 -5.2261960740635338000000000000000000000000 4.4539099498019485000000000000000000000000 1.8664297017318672000000000000000000000000 -0.15723721849810335000000000000000000000000 -0.14958453437420705000000000000000000000000 -0.10217566782562565000000000000000000000000 -0.064770865668191596000000000000000000000000 -0.039838562572523932000000000000000000000000 -0.036456159689283445000000000000000000000000 / 1.992137912653037000000000000000000000000
-0.00034065604256793626000000000000000000000000 -0.00033221547572240224000000000000000000000000 -0.0021237996176354649000000000000000000000000 -0.0021237995735161083000000000000000000000000 -0.0021237993230148401000000000000000000000000 -0.0021237996453733004000000000000000000000000 -0.0021237980612337378000000000000000000000000 -0.0021237995987523793000000000000000000000000 -0.0021237995731655831000000000000000000000000 -0.0021237989303230448000000000000000000000000 -0.0021237995759712447000000000000000000000000 -0.0021237995006656873000000000000000000000000 -0.0021237994825934257000000000000000000000000 -0.0021237995685665896000000000000000000000000 -0.0021237995760527875000000000000000000000000 -0.0021237995675451138000000000000000000000000 -0.0021237995236136728000000000000000000000000 -0.0021237995348291129000000000000000000000000 -0.0021237995356198514000000000000000000000000 -0.0021237995182654479000000000000000000000000 -0.002123799477201262000000000000000000000000 -0.0021237996201804443000000000000000000000000 -0.0021237993530136869000000000000000000000000 -0.0021237994677620995000000000000000000000000 -0.0024914340043826941000000000000000000000000 -0.0028622005741847081000000000000000000000000 -0.0021229336600681113000000000000000000000000 -0.0038064291825351702000000000000000000000000 -0.0020413729239403913000000000000000000000000 -0.0036948378693422985000000000000000000000000 -0.041655866804325668000000000000000000000000 0.95087701574801387000000000000000000000000 -0.0010809690236411925000000000000000000000000 -0.0010264634540742385000000000000000000000000 -0.00077647910119167088000000000000000000000000 -0.00052873105852859772000000000000000000000000 -0.00034440713323949395000000000000000000000000 -0.00032347393629835071000000000000000000000000 / -0.047888780944662188000000000000000000000000
/
