3
66
2 32
2 1
/
2
1
0.73236083984375000000000000000000000000 / -0.20587158203125000000000000000000000000
0.591094970703125000000000000000000000000 / 0.1712646484375000000000000000000000000
/
32
2
-1.6768078585644242000000000000000000000000 0.55208729012015667000000000000000000000000 / 1.5331554025908329000000000000000000000000
0.49059505950170929000000000000000000000000 -0.9195547188998906000000000000000000000000 / -1.1930782451984747000000000000000000000000
0.6333323221607623000000000000000000000000 -1.0893703064431837000000000000000000000000 / -0.83305419110394829000000000000000000000000
0.60858992697141867000000000000000000000000 -1.0980395950740436000000000000000000000000 / -0.59304309626421514000000000000000000000000
0.57403244687756527000000000000000000000000 -1.022434074267021000000000000000000000000 / -0.95327804458208676000000000000000000000000
0.1208128762960816000000000000000000000000 -0.55797641242059104000000000000000000000000 / -1.496629864888549000000000000000000000000
-1.6316794202564999000000000000000000000000 0.36327478505092847000000000000000000000000 / 2.1185809142918028000000000000000000000000
0.36799953314965261000000000000000000000000 -0.81522018110223671000000000000000000000000 / -1.1687543822206419000000000000000000000000
0.40134139847635175000000000000000000000000 -0.8468717454617567000000000000000000000000 / -1.1489394622974862000000000000000000000000
0.52990903387137034000000000000000000000000 -0.96247319164726219000000000000000000000000 / -1.1246148915342584000000000000000000000000
0.3493084999502995000000000000000000000000 -0.77787588985451994000000000000000000000000 / -1.3375420558204487000000000000000000000000
0.16307409708799753000000000000000000000000 -0.6062429478584479000000000000000000000000 / -1.4061273476808187000000000000000000000000
-0.03322877961808697000000000000000000000000 -0.51696266604401298000000000000000000000000 / -0.74380468720717219000000000000000000000000
0.064148012890779385000000000000000000000000 -0.50052724762083967000000000000000000000000 / -1.5596093425428725000000000000000000000000
-1.7245581848045743000000000000000000000000 -2.1177187218435187000000000000000000000000 / -0.18969984367956697000000000000000000000000
0.34741348425301039000000000000000000000000 -0.78824099761033128000000000000000000000000 / -1.2405739154570967000000000000000000000000
0.36008028656803287000000000000000000000000 -0.79798612071095987000000000000000000000000 / -1.2513891611852455000000000000000000000000
-0.31929018234024004000000000000000000000000 -0.33942445613100891000000000000000000000000 / -0.0030139124626454221000000000000000000000000
0.072838543189992361000000000000000000000000 -0.51374316744601967000000000000000000000000 / -1.5145297086828842000000000000000000000000
0.22146143801227944000000000000000000000000 -0.65674034762389422000000000000000000000000 / -1.4111607700111719000000000000000000000000
-0.069441112015697512000000000000000000000000 -0.36360906736258436000000000000000000000000 / -1.7200407580812607000000000000000000000000
0.069884912031563814000000000000000000000000 -0.50416901438140149000000000000000000000000 / -1.5707580279754658000000000000000000000000
0.14619343929283096000000000000000000000000 -0.67748743237424947000000000000000000000000 / -0.72092818612020659000000000000000000000000
0.1233746255631962000000000000000000000000 -0.57186945490705032000000000000000000000000 / -1.4031908578139973000000000000000000000000
-0.3223011990834817000000000000000000000000 -0.35358427552591626000000000000000000000000 / 0.17843372043256603000000000000000000000000
-0.035437556388792292000000000000000000000000 -0.40284953355564862000000000000000000000000 / -1.6438401998231034000000000000000000000000
0.44393583030351141000000000000000000000000 -0.87682117774590351000000000000000000000000 / -1.2079945568775416000000000000000000000000
-1.3883455338207862000000000000000000000000 0.1564853938520509000000000000000000000000 / 2.2180181835322084000000000000000000000000
-0.5395139618858994000000000000000000000000 -1.8992170927335101000000000000000000000000 / -1.22682959569136000000000000000000000000
-0.81213876840517818000000000000000000000000 -2.0847348192373119000000000000000000000000 / -1.1895882383321361000000000000000000000000
-2.4876171111800445000000000000000000000000 -2.0374361755522732000000000000000000000000 / 0.088883328205893244000000000000000000000000
1.8099115207329175000000000000000000000000 0.7361651710793351000000000000000000000000 / 0.16477904097142032000000000000000000000000
/
32
32
0.79707624543582967000000000000000000000000 -0.096534555191864949000000000000000000000000 -0.11085891277164144000000000000000000000000 -0.12813651389912351000000000000000000000000 -0.10681520562874629000000000000000000000000 -0.1008557075222023000000000000000000000000 -0.19566878081005323000000000000000000000000 -0.10618877542252347000000000000000000000000 -0.10529196116210962000000000000000000000000 -0.098427080447208923000000000000000000000000 -0.096329360380750212000000000000000000000000 -0.10403891693851658000000000000000000000000 -0.15377270098070128000000000000000000000000 -0.10044077255115909000000000000000000000000 -0.0013105443898348216000000000000000000000000 -0.10279694701664203000000000000000000000000 -0.10124865102798304000000000000000000000000 -0.17997876181275677000000000000000000000000 -0.10283783824736184000000000000000000000000 -0.099859128915688503000000000000000000000000 -0.098683099939532226000000000000000000000000 -0.099333821173957212000000000000000000000000 -0.14691837206073186000000000000000000000000 -0.10686463545565937000000000000000000000000 -0.18331047725798111000000000000000000000000 -0.10145055108101017000000000000000000000000 -0.098596252848309834000000000000000000000000 -0.19358006679448522000000000000000000000000 -0.0026682370589043601000000000000000000000000 -0.0014726776072115258000000000000000000000000 -0.00087681841827477237000000000000000000000000 -1.0791484905369755000000000000000000000000 / -1.0942588976801704000000000000000000000000
0.0054622118277746221000000000000000000000000 0.92668879410533922000000000000000000000000 -0.083923844616915003000000000000000000000000 -0.096077952422841464000000000000000000000000 -0.080965647069073013000000000000000000000000 -0.076547879222789661000000000000000000000000 0.034622767791366763000000000000000000000000 -0.080504334493622182000000000000000000000000 -0.079842572466437112000000000000000000000000 -0.074731444230165187000000000000000000000000 -0.073157016271980055000000000000000000000000 -0.078915411486262577000000000000000000000000 -0.11063761645778052000000000000000000000000 -0.076238100604387529000000000000000000000000 -0.00037708466523176862000000000000000000000000 -0.077993674822073408000000000000000000000000 -0.076841007439808165000000000000000000000000 -0.10732775623674862000000000000000000000000 -0.078024064621269679000000000000000000000000 -0.075803454210109575000000000000000000000000 -0.074923280928441763000000000000000000000000 -0.075410515483699606000000000000000000000000 -0.10751323460788989000000000000000000000000 -0.081002014657532886000000000000000000000000 -0.10426105833406885000000000000000000000000 -0.076991530762738639000000000000000000000000 -0.074858214527211989000000000000000000000000 0.030419857667436549000000000000000000000000 -0.00094172118151385101000000000000000000000000 -0.00046848328610978236000000000000000000000000 -0.00023254650648241377000000000000000000000000 -1.079759617059814000000000000000000000000 / -1.0830140835517255000000000000000000000000
0.0021765259978236699000000000000000000000000 -0.074039571690618936000000000000000000000000 0.91522149775206219000000000000000000000000 -0.0970986704730082000000000000000000000000 -0.081783714364739593000000000000000000000000 -0.077313407160160094000000000000000000000000 0.031043846818894268000000000000000000000000 -0.081316803172959112000000000000000000000000 -0.080647057873036943000000000000000000000000 -0.075475998024938346000000000000000000000000 -0.073883634535910667000000000000000000000000 -0.079708804475501327000000000000000000000000 -0.11196156351358016000000000000000000000000 -0.077000028225737149000000000000000000000000 -0.00039393408263760566000000000000000000000000 -0.07877614327820201000000000000000000000000 -0.077609951489730947000000000000000000000000 -0.10916910976449161000000000000000000000000 -0.078806891673106227000000000000000000000000 -0.076560346906960869000000000000000000000000 -0.075670034794482227000000000000000000000000 -0.076162872639386855000000000000000000000000 -0.10874435367271745000000000000000000000000 -0.081820524508729023000000000000000000000000 -0.10618814882184457000000000000000000000000 -0.077762232588373767000000000000000000000000 -0.075604221802910113000000000000000000000000 0.026931895304177625000000000000000000000000 -0.0009744931536461635000000000000000000000000 -0.00048703535822767618000000000000000000000000 -0.00024402332430804115000000000000000000000000 -1.0799457657354319000000000000000000000000 / -1.083411211257282000000000000000000000000
-0.0024600269896921305000000000000000000000000 -0.074995091489480567000000000000000000000000 -0.085910748626890618000000000000000000000000 0.9015306806358202000000000000000000000000 -0.082864305342201017000000000000000000000000 -0.078320464514825994000000000000000000000000 0.025955039743524932000000000000000000000000 -0.082389522013864375000000000000000000000000 -0.081708566332038504000000000000000000000000 -0.076453918484375577000000000000000000000000 -0.074836740724339865000000000000000000000000 -0.080754765716465407000000000000000000000000 -0.11377413630397704000000000000000000000000 -0.078002075074346575000000000000000000000000 -0.00041756964946866213000000000000000000000000 -0.079806826087823912000000000000000000000000 -0.078621766427150463000000000000000000000000 -0.11171507490041702000000000000000000000000 -0.079838075462890609000000000000000000000000 -0.077555392969803072000000000000000000000000 -0.076651005577180825000000000000000000000000 -0.077151618537890182000000000000000000000000 -0.11042195808750885000000000000000000000000 -0.08290173811996257000000000000000000000000 -0.10885363084566693000000000000000000000000 -0.078776496858875347000000000000000000000000 -0.076584157305973066000000000000000000000000 0.02197611795913414000000000000000000000000 -0.0010199965070163924000000000000000000000000 -0.00051290631429165405000000000000000000000000 -0.00026017078911530917000000000000000000000000 -1.0801500227242553000000000000000000000000 / -1.0839130063463036000000000000000000000000
0.0031418199377499321000000000000000000000000 -0.073829702725121724000000000000000000000000 -0.084531314532142535000000000000000000000000 -0.09680194428095508000000000000000000000000 0.91845262451747833000000000000000000000000 -0.077092594893575769000000000000000000000000 0.032098336004451763000000000000000000000000 -0.081082121747547517000000000000000000000000 -0.080414738692567295000000000000000000000000 -0.075261366232788077000000000000000000000000 -0.073674279340651808000000000000000000000000 -0.07947976519061474000000000000000000000000 -0.11157402543594025000000000000000000000000 -0.07678027761570233000000000000000000000000 -0.00038897883190860575000000000000000000000000 -0.078550331538069798000000000000000000000000 -0.07738813160153267000000000000000000000000 -0.10862913680148942000000000000000000000000 -0.078580974032639125000000000000000000000000 -0.076342080472828047000000000000000000000000 -0.075454755202157164000000000000000000000000 -0.075945942655985019000000000000000000000000 -0.10838455773812063000000000000000000000000 -0.081584054580072715000000000000000000000000 -0.1056231826606175000000000000000000000000 -0.077539894117267957000000000000000000000000 -0.075389162053637507000000000000000000000000 0.027959282627237854000000000000000000000000 -0.00096488621341786029000000000000000000000000 -0.00048158969769796232000000000000000000000000 -0.00024064509703084362000000000000000000000000 -1.0798960963143409000000000000000000000000 / -1.0832993976507721000000000000000000000000
0.0045060351779919825000000000000000000000000 -0.07352705542964523000000000000000000000000 -0.084176134849445569000000000000000000000000 -0.09637767240783951000000000000000000000000 -0.081207417685151093000000000000000000000000 0.92322550843064255000000000000000000000000 0.033584452712499456000000000000000000000000 -0.08074449291327257000000000000000000000000 -0.080080430758068796000000000000000000000000 -0.074951986459813089000000000000000000000000 -0.073372358808165741000000000000000000000000 -0.079150071394217744000000000000000000000000 -0.11102361853336713000000000000000000000000 -0.076463671774118377000000000000000000000000 -0.00038197843316008044000000000000000000000000 -0.078225181911969227000000000000000000000000 -0.077068607395300442000000000000000000000000 -0.10786383587740817000000000000000000000000 -0.078255675247187378000000000000000000000000 -0.076027568783536156000000000000000000000000 -0.07514446040523326000000000000000000000000 -0.075633317383920512000000000000000000000000 -0.10787275391672997000000000000000000000000 -0.081243912683142169000000000000000000000000 -0.10482231136581142000000000000000000000000 -0.07721963878424333000000000000000000000000 -0.075079177769258376000000000000000000000000 0.02940761240633219000000000000000000000000 -0.0009512704747223034000000000000000000000000 -0.00047388200455998023000000000000000000000000 -0.00023587689577194494000000000000000000000000 -1.0798192185926143000000000000000000000000 / -1.0831348644070355000000000000000000000000
-0.22282316934186353000000000000000000000000 -0.098290200860974744000000000000000000000000 -0.11290087052841358000000000000000000000000 -0.1305904808938633000000000000000000000000 -0.10877233598957646000000000000000000000000 -0.10269395929470589000000000000000000000000 0.7807705230921721000000000000000000000000 -0.10813308558501117000000000000000000000000 -0.10721805862880353000000000000000000000000 -0.10021860941353618000000000000000000000000 -0.098081138407293544000000000000000000000000 -0.10593983573571927000000000000000000000000 -0.15714712273043352000000000000000000000000 -0.1022709806528377000000000000000000000000 -0.0014119367744748646000000000000000000000000 -0.10467320362290654000000000000000000000000 -0.10309454514943463000000000000000000000000 -0.1858431031825111000000000000000000000000 -0.10471490236676161000000000000000000000000 -0.10167810568540026000000000000000000000000 -0.10047951577940019000000000000000000000000 -0.10114269681658321000000000000000000000000 -0.14998109510871321000000000000000000000000 -0.10882278093577595000000000000000000000000 -0.18971256222056757000000000000000000000000 -0.10330038163712159000000000000000000000000 -0.10039101001592908000000000000000000000000 -0.21626678357879364000000000000000000000000 -0.0028508298195773444000000000000000000000000 -0.0015820711292299334000000000000000000000000 -0.00094678764837436606000000000000000000000000 -1.0735106159663068000000000000000000000000 / -1.0898507321278494000000000000000000000000
0.003288274656411488000000000000000000000000 -0.073797545061225378000000000000000000000000 -0.084493500446559539000000000000000000000000 -0.096756652978459229000000000000000000000000 -0.081511203354358366000000000000000000000000 -0.077058776059902079000000000000000000000000 0.032258122089450156000000000000000000000000 0.91895379936106858000000000000000000000000 -0.080379175420778534000000000000000000000000 -0.07522848531354713000000000000000000000000 -0.073642199720092116000000000000000000000000 -0.079444698917228093000000000000000000000000 -0.11151505492368888000000000000000000000000 -0.07674661984435556000000000000000000000000 -0.00038822687502064555000000000000000000000000 -0.078515754508515098000000000000000000000000 -0.077354159921575058000000000000000000000000 -0.10854706210358266000000000000000000000000 -0.078546380947461372000000000000000000000000 -0.076308647897288584000000000000000000000000 -0.075421775943963168000000000000000000000000 -0.075912712895576398000000000000000000000000 -0.10832976906982461000000000000000000000000 -0.081547862607018642000000000000000000000000 -0.10553730488577902000000000000000000000000 -0.077505843780371633000000000000000000000000 -0.075356216167739687000000000000000000000000 0.028114981656778861000000000000000000000000 -0.00096342614860881013000000000000000000000000 -0.00048076259289814673000000000000000000000000 -0.0002401326742453045000000000000000000000000 -1.0798882443707436000000000000000000000000 / -1.0832821225050979000000000000000000000000
0.0034966023659829641000000000000000000000000 -0.073751660118161824000000000000000000000000 -0.084439574232467951000000000000000000000000 -0.096692112057029961000000000000000000000000 -0.081459610212270231000000000000000000000000 -0.077010528360649436000000000000000000000000 0.032485316178369993000000000000000000000000 -0.080994964252660062000000000000000000000000 0.91967155236031017000000000000000000000000 -0.075181571521241428000000000000000000000000 -0.073596425807950117000000000000000000000000 -0.079394677610896316000000000000000000000000 -0.11143110722008143000000000000000000000000 -0.076698601185088061000000000000000000000000 -0.00038715730465032136000000000000000000000000 -0.078466428740223387000000000000000000000000 -0.077305694875011419000000000000000000000000 -0.1084302619078135000000000000000000000000 -0.078497032352169635000000000000000000000000 -0.076260949495927363000000000000000000000000 -0.075374722277695219000000000000000000000000 -0.075865302940337581000000000000000000000000 -0.10825175581905068000000000000000000000000 -0.081496241261756003000000000000000000000000 -0.10541508912678543000000000000000000000000 -0.077457266887087248000000000000000000000000 -0.075309209968666135000000000000000000000000 0.028336374063650544000000000000000000000000 -0.00096134835494933143000000000000000000000000 -0.00047958579550341226000000000000000000000000 -0.00023940391325405524000000000000000000000000 -1.0798769193244167000000000000000000000000 / -1.0832573972211965000000000000000000000000
0.0050460577899638284000000000000000000000000 -0.073405472597843649000000000000000000000000 -0.084033915105606066000000000000000000000000 -0.096208539481978744000000000000000000000000 -0.081071159625163425000000000000000000000000 -0.076646818073560469000000000000000000000000 0.03417121990301885000000000000000000000000 -0.080609148229242727000000000000000000000000 -0.07994638905410438000000000000000000000000 0.92517225146844473000000000000000000000000 -0.073251062786160226000000000000000000000000 -0.079017841242217585000000000000000000000000 -0.11080550115266102000000000000000000000000 -0.076336587653098906000000000000000000000000 -0.00037921261900053814000000000000000000000000 -0.078094737186275548000000000000000000000000 -0.076940374814151793000000000000000000000000 -0.10756089342530699000000000000000000000000 -0.078125171894599652000000000000000000000000 -0.075901309130733466000000000000000000000000 -0.075019861866983062000000000000000000000000 -0.075507800673584397000000000000000000000000 -0.10766966155739131000000000000000000000000 -0.081107582437028522000000000000000000000000 -0.10450518100682797000000000000000000000000 -0.077091118574304424000000000000000000000000 -0.074954701597061427000000000000000000000000 0.029979611055943805000000000000000000000000 -0.00094587659279204734000000000000000000000000 -0.00047083188526641329000000000000000000000000 -0.00023399436937116122000000000000000000000000 -1.079786205236132000000000000000000000000 / -1.0830672634152585000000000000000000000000
0.0055071359650465711000000000000000000000000 -0.073301003906179649000000000000000000000000 -0.08391194283014565000000000000000000000000 -0.096063848880899222000000000000000000000000 -0.080954235116266135000000000000000000000000 -0.076537174293241819000000000000000000000000 0.034671479248980827000000000000000000000000 -0.080492997669027941000000000000000000000000 -0.079831342855302481000000000000000000000000 -0.074721022854221178000000000000000000000000 0.92685316200438295000000000000000000000000 -0.078904331013090773000000000000000000000000 -0.11061951215566755000000000000000000000000 -0.076227444293377689000000000000000000000000 -0.00037685515856462101000000000000000000000000 -0.077982741426158894000000000000000000000000 -0.076830256399891675000000000000000000000000 -0.10730261441390618000000000000000000000000 -0.078013126394432503000000000000000000000000 -0.075792865928365233000000000000000000000000 -0.0749128297727292000000000000000000000000 -0.075399988521897748000000000000000000000000 -0.10749636035833049000000000000000000000000 -0.080990596768128295000000000000000000000000 -0.10423472765104436000000000000000000000000 -0.076980756004336626000000000000000000000000 -0.074847773476239443000000000000000000000000 0.030467353411628088000000000000000000000000 -0.00094127272702821286000000000000000000000000 -0.00046822988282303274000000000000000000000000 -0.00023239037586474188000000000000000000000000 -1.0797566835128216000000000000000000000000 / -1.0830082831051873000000000000000000000000
0.0037851437889019502000000000000000000000000 -0.073687836626951123000000000000000000000000 -0.08436462512185787000000000000000000000000 -0.096602506714989531000000000000000000000000 -0.081387886732407169000000000000000000000000 -0.076943433428542068000000000000000000000000 0.032799794474026291000000000000000000000000 -0.080923734171290534000000000000000000000000 -0.080257921042053232000000000000000000000000 -0.075116323236862292000000000000000000000000 -0.073532756101608157000000000000000000000000 0.92067487166806272000000000000000000000000 -0.11131472946669616000000000000000000000000 -0.076631823286180151000000000000000000000000 -0.00038567617647158246000000000000000000000000 -0.078397841822773512000000000000000000000000 -0.077238299112483477000000000000000000000000 -0.10826840863483028000000000000000000000000 -0.078428413848038947000000000000000000000000 -0.076194614925309281000000000000000000000000 -0.075309280321562824000000000000000000000000 -0.075799367694409078000000000000000000000000 -0.10814356836587045000000000000000000000000 -0.081424478778333892000000000000000000000000 -0.10524572309132013000000000000000000000000 -0.077389716324301056000000000000000000000000 -0.075243833735541221000000000000000000000000 0.028642840895920969000000000000000000000000 -0.00095846905500939069000000000000000000000000 -0.00047795551884156646000000000000000000000000 -0.00023839492757750833000000000000000000000000 -1.0798609188785528000000000000000000000000 / -1.0832228463635964000000000000000000000000
-0.013438142321782911000000000000000000000000 -0.076840963405069365000000000000000000000000 -0.088092155876641459000000000000000000000000 -0.10111210270412282000000000000000000000000 -0.084947187435435195000000000000000000000000 -0.080263788667818706000000000000000000000000 0.013861860787200945000000000000000000000000 -0.084457427024352633000000000000000000000000 -0.083755159390178538000000000000000000000000 -0.078342122565084826000000000000000000000000 -0.07667805303172559000000000000000000000000 -0.082771832582216334000000000000000000000000 0.8826813718549481000000000000000000000000 -0.079935914733033589000000000000000000000000 -0.00047131399289012814000000000000000000000000 -0.081794909828120932000000000000000000000000 -0.080574098819447965000000000000000000000000 -0.11697584604986674000000000000000000000000 -0.081827109072367357000000000000000000000000 -0.079475984995449153000000000000000000000000 -0.078544976638389899000000000000000000000000 -0.079060292737950594000000000000000000000000 -0.11368265187604543000000000000000000000000 -0.084985805211592227000000000000000000000000 -0.11442034071316172000000000000000000000000 -0.080733467925069316000000000000000000000000 -0.078476170973638251000000000000000000000000 0.010200045595043318000000000000000000000000 -0.0011219737331433709000000000000000000000000 -0.00057126226161702102000000000000000000000000 -0.00029705089725894524000000000000000000000000 -1.080666528390186000000000000000000000000 / -1.0851081213077305000000000000000000000000
0.0045988506424463364000000000000000000000000 -0.07350622413432191000000000000000000000000 -0.084151747931091786000000000000000000000000 -0.096348638837309833000000000000000000000000 -0.081184058703361095000000000000000000000000 -0.076752611695412185000000000000000000000000 0.033685366390377898000000000000000000000000 -0.080721291366842751000000000000000000000000 -0.080057453776743462000000000000000000000000 -0.074930698147674918000000000000000000000000 -0.073351576872471541000000000000000000000000 -0.079127406579508716000000000000000000000000 -0.11098612230302661000000000000000000000000 0.92355810660082216000000000000000000000000 -0.00038150275623172956000000000000000000000000 -0.078202824704494897000000000000000000000000 -0.077046631232588605000000000000000000000000 -0.10781174930918912000000000000000000000000 -0.078233307939929761000000000000000000000000 -0.07600593238309053000000000000000000000000 -0.075123110011253269000000000000000000000000 -0.075611808907994807000000000000000000000000 -0.10783785180298723000000000000000000000000 -0.081220541258278031000000000000000000000000 -0.10476779125633377000000000000000000000000 -0.077197613082231581000000000000000000000000 -0.075057848441839659000000000000000000000000 0.029505979679936453000000000000000000000000 -0.00095034339045442615000000000000000000000000 -0.00047335763032686805000000000000000000000000 -0.00023555307658217157000000000000000000000000 -1.0798136580977229000000000000000000000000 / -1.083123353495864000000000000000000000000
0.023898398709740139000000000000000000000000 -0.068654256896020158000000000000000000000000 -0.078648908995117839000000000000000000000000 -0.090045490635892761000000000000000000000000 -0.075865367992119473000000000000000000000000 -0.071704470217105201000000000000000000000000 0.054021624949425986000000000000000000000000 -0.075431076316780865000000000000000000000000 -0.074807985313222899000000000000000000000000 -0.069992753726425216000000000000000000000000 -0.068508941326317657000000000000000000000000 -0.07393483578899418000000000000000000000000 -0.10323458524753026000000000000000000000000 -0.071412574628907141000000000000000000000000 0.99972101434728577000000000000000000000000 -0.073066617973590028000000000000000000000000 -0.071980664983562925000000000000000000000000 -0.097103374714003571000000000000000000000000 -0.073095245826325053000000000000000000000000 -0.071003000564881333000000000000000000000000 -0.070173544113603534000000000000000000000000 -0.0706327115683303000000000000000000000000 -0.10054342848916237000000000000000000000000 -0.075899603093709217000000000000000000000000 -0.09352079468293796000000000000000000000000 -0.07212248816328648000000000000000000000000 -0.070112224600585388000000000000000000000000 0.0494053228274004000000000000000000000000 -0.00074342035739034557000000000000000000000000 -0.00035777184387289994000000000000000000000000 -0.00016671209060339844000000000000000000000000 -1.0741584921073748000000000000000000000000 / -1.0762542700863842000000000000000000000000
0.004068376048848351000000000000000000000000 -0.07362488756461831000000000000000000000000 -0.084290772207308601000000000000000000000000 -0.096514324462078707000000000000000000000000 -0.081317192434556498000000000000000000000000 -0.076877275308744969000000000000000000000000 0.033108260251320541000000000000000000000000 -0.080853523207148545000000000000000000000000 -0.080188399299327737000000000000000000000000 -0.075051976243194582000000000000000000000000 -0.073469957953768261000000000000000000000000 -0.079256564268118626000000000000000000000000 -0.11120039766784542000000000000000000000000 -0.076565976045509118000000000000000000000000 -0.00038422279249828676000000000000000000000000 0.92166977901715763000000000000000000000000 -0.077171846022888332000000000000000000000000 -0.10810947070335909000000000000000000000000 -0.078360762046349133000000000000000000000000 -0.076129202445751082000000000000000000000000 -0.075244743344477144000000000000000000000000 -0.075734346861394103000000000000000000000000 -0.10803724071004367000000000000000000000000 -0.0813537462747045000000000000000000000000 -0.10507939594038175000000000000000000000000 -0.077323111458141761000000000000000000000000 -0.075179361228833189000000000000000000000000 0.028943470805239794000000000000000000000000 -0.00095564142214889106000000000000000000000000 -0.00047635502472700053000000000000000000000000 -0.00023740505968517238000000000000000000000000 -1.079844839445415000000000000000000000000 / -1.083188570829078000000000000000000000000
0.0044179104152052623000000000000000000000000 -0.073546807428742922000000000000000000000000 -0.084199265684959793000000000000000000000000 -0.096405222523186063000000000000000000000000 -0.081229571402406137000000000000000000000000 -0.076795239707319274000000000000000000000000 0.03348861486644579000000000000000000000000 -0.080766496998129475000000000000000000000000 -0.080102221417335528000000000000000000000000 -0.074972172586802069000000000000000000000000 -0.073392063922878878000000000000000000000000 -0.079171565390490473000000000000000000000000 -0.111059219407649000000000000000000000000 -0.076484323477327351000000000000000000000000 -0.00038243017302433147000000000000000000000000 -0.078246383599813174000000000000000000000000 0.92291055297998759000000000000000000000000 -0.10791329376686991000000000000000000000000 -0.078276886532158044000000000000000000000000 -0.076048085600164933000000000000000000000000 -0.075164705508817944000000000000000000000000 -0.075653712666696987000000000000000000000000 -0.10790588751669292000000000000000000000000 -0.081266078226985353000000000000000000000000 -0.10487407801255287000000000000000000000000 -0.077240525478541711000000000000000000000000 -0.075099402859894845000000000000000000000000 0.029314195311538154000000000000000000000000 -0.00095215068247802648000000000000000000000000 -0.00047437991509835661000000000000000000000000 -0.00023618444063376481000000000000000000000000 -1.0798244560588495000000000000000000000000 / -1.0831457535511158000000000000000000000000
-0.049275922727774445000000000000000000000000 -0.081121516674450098000000000000000000000000 -0.093029507537323641000000000000000000000000 -0.10695242116794551000000000000000000000000 -0.089692795042457071000000000000000000000000 -0.084736612933434971000000000000000000000000 -0.025430364714002843000000000000000000000000 -0.08917384662372875000000000000000000000000 -0.088430018096175025000000000000000000000000 -0.082706455163237894000000000000000000000000 -0.080949553789817857000000000000000000000000 -0.087389049025814014000000000000000000000000 -0.12514082673578394000000000000000000000000 -0.08439011119881569000000000000000000000000 -0.00062959707449513496000000000000000000000000 -0.086355458516992556000000000000000000000000 -0.085064601895994088000000000000000000000000 0.86979549817720947000000000000000000000000 -0.086389516475155276000000000000000000000000 -0.083904136506707222000000000000000000000000 -0.082920688952403718000000000000000000000000 -0.083464985682629778000000000000000000000000 -0.12082947033817937000000000000000000000000 -0.089733721588724641000000000000000000000000 -0.1288051241464804000000000000000000000000 -0.085233069540667089000000000000000000000000 -0.082848021681986309000000000000000000000000 -0.028107068721106732000000000000000000000000 -0.0014172443517731005000000000000000000000000 -0.00074123944948876639000000000000000000000000 -0.00040634380812964272000000000000000000000000 -1.0841163473432769000000000000000000000000 / -1.0905810605717052000000000000000000000000
0.004059092553596916000000000000000000000000 -0.073626955463346216000000000000000000000000 -0.084293197188341634000000000000000000000000 -0.096517218147484388000000000000000000000000 -0.08131951402006482000000000000000000000000 -0.076879448344070192000000000000000000000000 0.033098153309721545000000000000000000000000 -0.080855828968016852000000000000000000000000 -0.080190682493252424000000000000000000000000 -0.075054089946546942000000000000000000000000 -0.073472020907163593000000000000000000000000 -0.079258816102284468000000000000000000000000 -0.11120414629561017000000000000000000000000 -0.076568138897421534000000000000000000000000 -0.00038427042008852048000000000000000000000000 -0.078332441927344842000000000000000000000000 -0.077174028720148072000000000000000000000000 -0.1081146808393082000000000000000000000000 0.9216370159951297000000000000000000000000 -0.076131351055649651000000000000000000000000 -0.075246863272230083000000000000000000000000 -0.075736482641013639000000000000000000000000 -0.10804072757305154000000000000000000000000 -0.081356069111059207000000000000000000000000 -0.10508484851667814000000000000000000000000 -0.077325299126817112000000000000000000000000 -0.075181479044367686000000000000000000000000 0.028933620245925169000000000000000000000000 -0.00095573411977195003000000000000000000000000 -0.00047640748508529412000000000000000000000000 -0.00023743749438841149000000000000000000000000 -1.0798453725516224000000000000000000000000 / -1.083189700116681000000000000000000000000
0.0047285559182760522000000000000000000000000 -0.07347706648745006000000000000000000000000 -0.084117627103630202000000000000000000000000 -0.096308038564404327000000000000000000000000 -0.081151372208297379000000000000000000000000 -0.07672198981535755000000000000000000000000 0.033826344413374274000000000000000000000000 -0.080688824585494215000000000000000000000000 -0.080025300411226838000000000000000000000000 -0.074900902262322586000000000000000000000000 -0.073322488163660854000000000000000000000000 -0.079095688925530247000000000000000000000000 -0.11093372526129464000000000000000000000000 -0.076411413230642683000000000000000000000000 -0.00038083821971176705000000000000000000000000 -0.07817153643771825000000000000000000000000 -0.077015874919633423000000000000000000000000 -0.10773897049236325000000000000000000000000 -0.078202005574291397000000000000000000000000 0.9240243495550009000000000000000000000000 -0.075093227433997406000000000000000000000000 -0.075581705590864745000000000000000000000000 -0.10778907199473198000000000000000000000000 -0.081187837398321999000000000000000000000000 -0.1046916083235184000000000000000000000000 -0.077166787606891621000000000000000000000000 -0.075027995282012774000000000000000000000000 0.029643404782583465000000000000000000000000 -0.00094904781887712156000000000000000000000000 -0.0004726249241018263000000000000000000000000 -0.00023510072809847465000000000000000000000000 -1.0798058100731611000000000000000000000000 / -1.0831071938249845000000000000000000000000
0.0049894756443719804000000000000000000000000 -0.073418253319912904000000000000000000000000 -0.084048851898957402000000000000000000000000 -0.096226281662675328000000000000000000000000 -0.081085474076594222000000000000000000000000 -0.076660235664733845000000000000000000000000 0.034109782683655485000000000000000000000000 -0.080623367298256587000000000000000000000000 -0.0799604720383882000000000000000000000000 -0.074840806942600924000000000000000000000000 -0.073263813505994951000000000000000000000000 -0.079031734993035743000000000000000000000000 -0.11082834607458705000000000000000000000000 -0.076349943637279871000000000000000000000000 -0.0003795021951147445000000000000000000000000 -0.078108444394502971000000000000000000000000 -0.076953850842152949000000000000000000000000 -0.1075926184639059000000000000000000000000 -0.078138885228816443000000000000000000000000 -0.075914578926373905000000000000000000000000 0.92496704201395363000000000000000000000000 -0.075520992795827246000000000000000000000000 -0.10769094018179111000000000000000000000000 -0.081121904426338071000000000000000000000000 -0.10453839602695447000000000000000000000000 -0.077104624664378354000000000000000000000000 -0.074967784920825911000000000000000000000000 0.029919715845167328000000000000000000000000 -0.00094644170320839474000000000000000000000000 -0.00047115135878093557000000000000000000000000 -0.00023419143139191025000000000000000000000000 -1.0797897409437196000000000000000000000000 / -1.0830744191186452000000000000000000000000
0.0048453152585053805000000000000000000000000 -0.073450773669518951000000000000000000000000 -0.084086872526072234000000000000000000000000 -0.096271465844371615000000000000000000000000 -0.081121906519985895000000000000000000000000 -0.076694380132796516000000000000000000000000 0.033953206906298126000000000000000000000000 -0.080659556367980667000000000000000000000000 -0.079996313897883184000000000000000000000000 -0.07487403538012008000000000000000000000000 -0.073296257357971031000000000000000000000000 -0.079067094072376123000000000000000000000000 -0.1108865634513837000000000000000000000000 -0.076383930975274655000000000000000000000000 -0.00038024022500845615000000000000000000000000 -0.078143327599607515000000000000000000000000 -0.076988144359016894000000000000000000000000 -0.10767346898247705000000000000000000000000 -0.078173784060801457000000000000000000000000 -0.075948346446383888000000000000000000000000 -0.075066282584102584000000000000000000000000 0.9244454377769068000000000000000000000000 -0.10774515824391082000000000000000000000000 -0.081158356103490675000000000000000000000000 -0.10462303900446976000000000000000000000000 -0.077138994859102333000000000000000000000000 -0.075001076888936369000000000000000000000000 0.029767074585159741000000000000000000000000 -0.00094788157474766876000000000000000000000000 -0.00047196544792222429000000000000000000000000 -0.0002346937118864764000000000000000000000000 -1.0797986664992834000000000000000000000000 / -1.0830925721761453000000000000000000000000
-0.0095501632561494458000000000000000000000000 -0.07625238178470943000000000000000000000000 -0.087401284358866696000000000000000000000000 -0.10028006551007966000000000000000000000000 -0.084286343137693967000000000000000000000000 -0.079645473611596199000000000000000000000000 0.018143927021225852000000000000000000000000 -0.083801146306135332000000000000000000000000 -0.083105372415057055000000000000000000000000 -0.077740618311655074000000000000000000000000 -0.076090864132580815000000000000000000000000 -0.082131042411849778000000000000000000000000 -0.11620101056961013000000000000000000000000 -0.079320491367917648000000000000000000000000 -0.00045268625646249799000000000000000000000000 -0.081162951777668982000000000000000000000000 -0.07995303755957156000000000000000000000000 -0.11525511296409433000000000000000000000000 -0.081194861545565378000000000000000000000000 -0.078864601229967066000000000000000000000000 -0.077941712835923729000000000000000000000000 -0.078452543727548618000000000000000000000000 0.88734297661760542000000000000000000000000 -0.084324599834971911000000000000000000000000 -0.11258594686733796000000000000000000000000 -0.08011099264205436000000000000000000000000 -0.077873504365005633000000000000000000000000 0.014370679949994693000000000000000000000000 -0.0010868101405875296000000000000000000000000 -0.00055109427006184519000000000000000000000000 -0.00028424807877092329000000000000000000000000 -1.0804554960444006000000000000000000000000 / -1.0846618871592781000000000000000000000000
0.0031302301068515761000000000000000000000000 -0.073832244023845764000000000000000000000000 -0.084534303559869267000000000000000000000000 -0.09680552552848945000000000000000000000000 -0.081550234514207037000000000000000000000000 -0.077095267651312707000000000000000000000000 0.032085688815972228000000000000000000000000 -0.081084960907617146000000000000000000000000 -0.080417549525898524000000000000000000000000 -0.075263964764164609000000000000000000000000 -0.073676814463947499000000000000000000000000 -0.079482536682851532000000000000000000000000 -0.11157869042934619000000000000000000000000 -0.076782937626422049000000000000000000000000 -0.0003890383394241674000000000000000000000000 -0.078553064305145942000000000000000000000000 -0.077390816456259864000000000000000000000000 -0.10863563046325905000000000000000000000000 -0.078583708070533609000000000000000000000000 -0.076344722661188774000000000000000000000000 -0.075457361515675503000000000000000000000000 -0.075948568793629878000000000000000000000000 -0.10838889146044096000000000000000000000000 0.91841308481722506000000000000000000000000 -0.10562997714426742000000000000000000000000 -0.077542585197366384000000000000000000000000 -0.075391765726198642000000000000000000000000 0.027946959164809985000000000000000000000000 -0.00096500173312910663000000000000000000000000 -0.0004816551438566204000000000000000000000000 -0.00024068565105517348000000000000000000000000 -1.0798967139106415000000000000000000000000 / -1.0833007610486485000000000000000000000000
-0.057723509561607038000000000000000000000000 -0.082038250027860318000000000000000000000000 -0.094084893557144111000000000000000000000000 -0.10819807203628383000000000000000000000000 -0.090707775699998328000000000000000000000000 -0.085694024503527561000000000000000000000000 -0.034674506376094844000000000000000000000000 -0.09018267309015407000000000000000000000000 -0.089430079582334371000000000000000000000000 -0.083640926623695017000000000000000000000000 -0.081864369123543085000000000000000000000000 -0.088376949722566864000000000000000000000000 -0.12681273786919181000000000000000000000000 -0.085343586149374775000000000000000000000000 -0.00066491590685001432000000000000000000000000 -0.087331398480438679000000000000000000000000 -0.086025748781085903000000000000000000000000 -0.13312990287119963000000000000000000000000 -0.087365848847791777000000000000000000000000 -0.084852105938865996000000000000000000000000 -0.083857568104811694000000000000000000000000 -0.084407994825033292000000000000000000000000 -0.12235408931106179000000000000000000000000 -0.09074918899574505000000000000000000000000 0.86798966388821386000000000000000000000000 -0.08619613855776162000000000000000000000000 -0.083784083847586677000000000000000000000000 -0.037122633295168225000000000000000000000000 -0.0014827085462353333000000000000000000000000 -0.00077898620089918527000000000000000000000000 -0.00043080091318325331000000000000000000000000 -1.0851532522957033000000000000000000000000 / -1.0920755804497424000000000000000000000000
0.0043725417802708754000000000000000000000000 -0.073556965972586624000000000000000000000000 -0.084211164779676481000000000000000000000000 -0.096419399517950782000000000000000000000000 -0.081240967041368212000000000000000000000000 -0.076805911280815237000000000000000000000000 0.033439266261799605000000000000000000000000 -0.0807778155471435000000000000000000000000 -0.080113430013976167000000000000000000000000 -0.074982554701856594000000000000000000000000 -0.073402198322952861000000000000000000000000 -0.079182621159628722000000000000000000000000 -0.1110775469866082000000000000000000000000 -0.076494945380746929000000000000000000000000 -0.00038266277584222974000000000000000000000000 -0.078257288792875926000000000000000000000000 -0.077100165715904889000000000000000000000000 -0.10793875675451699000000000000000000000000 -0.078287796668832954000000000000000000000000 -0.076058638029918801000000000000000000000000 -0.075175117997699506000000000000000000000000 -0.075664202501715835000000000000000000000000 -0.10792294330125111000000000000000000000000 -0.081277479959039445000000000000000000000000 -0.10490072893335017000000000000000000000000 0.92274873158095283000000000000000000000000 -0.075109805041768896000000000000000000000000 0.029266094108398227000000000000000000000000 -0.00095260382022755547000000000000000000000000 -0.00047463626254907066000000000000000000000000 -0.00023634280479466882000000000000000000000000 -1.0798271366866405000000000000000000000000 / -1.0831513445154883000000000000000000000000
0.0050086778429453121000000000000000000000000 -0.073413916978408961000000000000000000000000 -0.084043783674871794000000000000000000000000 -0.09622026097471538000000000000000000000000 -0.081080617121345996000000000000000000000000 -0.076655683151111625000000000000000000000000 0.034130633677185523000000000000000000000000 -0.080618542721923536000000000000000000000000 -0.079955693657507834000000000000000000000000 -0.074836376346868988000000000000000000000000 -0.073259487347811056000000000000000000000000 -0.079027020848653554000000000000000000000000 -0.11082059286186054000000000000000000000000 -0.076345412035440943000000000000000000000000 -0.00037940391583298242000000000000000000000000 -0.078103793572167513000000000000000000000000 -0.076949278492715947000000000000000000000000 -0.10758185140993989000000000000000000000000 -0.078134232327024683000000000000000000000000 -0.075910076580044616000000000000000000000000 -0.075028514591128068000000000000000000000000 -0.075516516814461698000000000000000000000000 -0.10768371873963589000000000000000000000000 -0.081117044912239186000000000000000000000000 -0.10452712341405697000000000000000000000000 -0.077100042110621825000000000000000000000000 0.92503665413099601000000000000000000000000 0.029940043385518655000000000000000000000000 -0.00094624992020453217000000000000000000000000 -0.00047104293606240084000000000000000000000000 -0.00023412454956266268000000000000000000000000 -1.0797885431082315000000000000000000000000 / -1.0830719926576062000000000000000000000000
-0.21755110055796381000000000000000000000000 -0.09771184039912989000000000000000000000000 -0.11223076373783029000000000000000000000000 -0.12979324654923832000000000000000000000000 -0.10812910698387912000000000000000000000000 -0.10208883930530858000000000000000000000000 -0.21312240791164602000000000000000000000000 -0.10749394174186186000000000000000000000000 -0.1065847286700001000000000000000000000000 -0.099628599998066156000000000000000000000000 -0.097504035557467644000000000000000000000000 -0.10531456332244447000000000000000000000000 -0.15607976202372703000000000000000000000000 -0.10166845708964625000000000000000000000000 -0.0013838435487635251000000000000000000000000 -0.104055845642975000000000000000000000000 -0.10248696027157339000000000000000000000000 -0.18409813171987457000000000000000000000000 -0.10409728490215082000000000000000000000000 -0.10107921103283797000000000000000000000000 -0.099887922735727372000000000000000000000000 -0.10054706933826812000000000000000000000000 -0.14900351125623507000000000000000000000000 -0.10817922872077994000000000000000000000000 -0.18782560257920139000000000000000000000000 -0.1026915279078752000000000000000000000000 -0.099799954397988153000000000000000000000000 0.78961571002910358000000000000000000000000 -0.0027992431098912427000000000000000000000000 -0.0015514535928655372000000000000000000000000 -0.00092751651058584517000000000000000000000000 -1.0747555125733386000000000000000000000000 / -1.090760636417005000000000000000000000000
-2.7550399671537096000000000000000000000000 -0.72932432222081733000000000000000000000000 -0.80237563150190039000000000000000000000000 -0.89371770115474813000000000000000000000000 -0.78178245508603195000000000000000000000000 -0.75149427320078788000000000000000000000000 -2.887394487789126000000000000000000000000 -0.77860002331208211000000000000000000000000 -0.77404553130211295000000000000000000000000 -0.73907674583414851000000000000000000000000 -0.72826153925243231000000000000000000000000 -0.76768263986059304000000000000000000000000 -1.0837005289270869000000000000000000000000 -0.74937838550801061000000000000000000000000 -0.0089672697358534389000000000000000000000000 -0.76137312375080712000000000000000000000000 -0.75349637317395612000000000000000000000000 -1.535464107561433000000000000000000000000 -0.76158095306388462000000000000000000000000 -0.74640895220083314000000000000000000000000 -0.74039013435436851000000000000000000000000 -0.74372316515754455000000000000000000000000 -1.0193839764328267000000000000000000000000 -0.78203362536475174000000000000000000000000 -1.617355416090092000000000000000000000000 -0.75452452152536087000000000000000000000000 -0.73994474229987817000000000000000000000000 -2.8435738122446788000000000000000000000000 0.9790559249392462000000000000000000000000 -0.01104844443451497000000000000000000000000 -0.0058388101471493975000000000000000000000000 0.90001999364165663000000000000000000000000 / 0.80028109056719265000000000000000000000000
-0.027193239341180477000000000000000000000000 0.15254125996590095000000000000000000000000 0.14928405256825128000000000000000000000000 0.13977400859885755000000000000000000000000 0.15062143520060187000000000000000000000000 0.15199836305900591000000000000000000000000 0.0013575489736397045000000000000000000000000 0.15079961941316064000000000000000000000000 0.15104112348757451000000000000000000000000 0.15235201472993723000000000000000000000000 0.15255712381993669000000000000000000000000 0.1513516726394086000000000000000000000000 0.10452671520640384000000000000000000000000 0.1520674524154649000000000000000000000000 -0.026807809634874672000000000000000000000000 0.15162839324381219000000000000000000000000 0.15192967633654514000000000000000000000000 -0.017891479117876252000000000000000000000000 0.15161977724406661000000000000000000000000 0.15215832045683772000000000000000000000000 0.15232054530579001000000000000000000000000 0.15223435482954575000000000000000000000000 0.11849222927505162000000000000000000000000 0.15060704335328751000000000000000000000000 -0.037541377544147048000000000000000000000000 0.15189315507609816000000000000000000000000 0.15233137542900652000000000000000000000000 -0.0064302803747455627000000000000000000000000 -0.040528444830084477000000000000000000000000 0.97434635592747831000000000000000000000000 -0.019170294493210675000000000000000000000000 -0.29170572022705066000000000000000000000000 / -0.59121922542539262000000000000000000000000
0.30723668010181437000000000000000000000000 0.029156884010804143000000000000000000000000 0.035028272358498133000000000000000000000000 0.044806239030066294000000000000000000000000 0.033226101676777184000000000000000000000000 0.030795489657289715000000000000000000000000 0.14816059596091452000000000000000000000000 0.032958844376606997000000000000000000000000 0.032581413204290116000000000000000000000000 0.029865252296057503000000000000000000000000 0.029080725305704453000000000000000000000000 0.032063853103461833000000000000000000000000 0.080658941180093952000000000000000000000000 0.030634525638775466000000000000000000000000 0.022108623152370541000000000000000000000000 0.031561480369228678000000000000000000000000 0.030948778660217051000000000000000000000000 0.23369623726593319000000000000000000000000 0.031577860598531557000000000000000000000000 0.030410380944772143000000000000000000000000 0.029962060814201667000000000000000000000000 0.030209356598093994000000000000000000000000 0.065812938958253978000000000000000000000000 0.033247319728340004000000000000000000000000 0.26653709690188815000000000000000000000000 0.031027875229604367000000000000000000000000 0.029929191688197288000000000000000000000000 0.18654530777950259000000000000000000000000 0.033222924426885715000000000000000000000000 0.021120879137499004000000000000000000000000 1.0157992244511711000000000000000000000000 -0.3585978734892642000000000000000000000000 / -0.13241739433279881000000000000000000000000
0.011430215790144764000000000000000000000000 -0.0030034870720438349000000000000000000000000 -0.0034206102450981264000000000000000000000000 -0.0038022263791330111000000000000000000000000 -0.0033103403799305793000000000000000000000000 -0.0031364469687278291000000000000000000000000 0.014502776510357146000000000000000000000000 -0.003292669900570483000000000000000000000000 -0.0032671105144484913000000000000000000000000 -0.0030622945297003163000000000000000000000000 -0.0029970660530546133000000000000000000000000 -0.0032308968431817692000000000000000000000000 -0.0037686117020371088000000000000000000000000 -0.0031238960076032762000000000000000000000000 0.00027576531448528306000000000000000000000000 -0.0031944493510886671000000000000000000000000 -0.0031482845999685548000000000000000000000000 -0.0013443626341466319000000000000000000000000 -0.0031956578521676209000000000000000000000000 -0.0031062173669251154000000000000000000000000 -0.0030701862920540462000000000000000000000000 -0.003090168934488261000000000000000000000000 -0.0039041936659126556000000000000000000000000 -0.0033117282077308671000000000000000000000000 -0.00079967622750794839000000000000000000000000 -0.0031543483316489726000000000000000000000000 -0.0030675110832688074000000000000000000000000 0.013883952566989131000000000000000000000000 0.00046577723070842752000000000000000000000000 0.00028435560247085432000000000000000000000000 0.00019287919773566266000000000000000000000000 0.92081353012392753000000000000000000000000 / -0.076152350920790673000000000000000000000000
/
