3
66
2 32
2 1
/
2
1
0.73236083984375000000000000000000000000 / -0.20587158203125000000000000000000000000
0.591094970703125000000000000000000000000 / 0.1712646484375000000000000000000000000
/
32
2
0.24432034599129676000000000000000000000000 -0.62967481985811768000000000000000000000000 / -1.5697349119431707000000000000000000000000
0.54859430452432678000000000000000000000000 -0.93394760539403276000000000000000000000000 / -1.2654703767152362000000000000000000000000
0.77278646206792001000000000000000000000000 -1.1581398107224292000000000000000000000000 / -1.04127783529035000000000000000000000000
0.84743230269556613000000000000000000000000 -1.2327857029796905000000000000000000000000 / -0.96663157989401483000000000000000000000000
0.69063318045341315000000000000000000000000 -1.0759865162564883000000000000000000000000 / -1.1234312201474013000000000000000000000000
0.20362355572416366000000000000000000000000 -0.58897687176238844000000000000000000000000 / -1.6104410036584351000000000000000000000000
0.51743773802829085000000000000000000000000 -0.90279379256518677000000000000000000000000 / -1.2966048216090993000000000000000000000000
0.48105880504891674000000000000000000000000 -0.86641213882424217000000000000000000000000 / -1.3330056118419111000000000000000000000000
0.50932826371638829000000000000000000000000 -0.89468159457004304000000000000000000000000 / -1.3047361766458099000000000000000000000000
0.59882621778860712000000000000000000000000 -0.98417952540963971000000000000000000000000 / -1.2152384092138728000000000000000000000000
0.40611790702427542000000000000000000000000 -0.79147120715024233000000000000000000000000 / -1.4079467801901475000000000000000000000000
0.26396694800011211000000000000000000000000 -0.64932027473288434000000000000000000000000 / -1.5500975254673737000000000000000000000000
0.38954631136603146000000000000000000000000 -0.77489979438915879000000000000000000000000 / -1.4245169065364363000000000000000000000000
0.14459239138248728000000000000000000000000 -0.52994570599996993000000000000000000000000 / -1.6694721794137064000000000000000000000000
-1.4884899987773612000000000000000000000000 -1.6533951162500971000000000000000000000000 / 0.038555575886637557000000000000000000000000
0.44126391682230726000000000000000000000000 -0.82661723942315068000000000000000000000000 / -1.3728005898392088000000000000000000000000
0.44512949244630451000000000000000000000000 -0.83048280982389444000000000000000000000000 / -1.3689350561764466000000000000000000000000
0.48194298093483628000000000000000000000000 -0.86729659163806438000000000000000000000000 / -1.3321192112447764000000000000000000000000
0.1669210615925685000000000000000000000000 -0.55227438433024456000000000000000000000000 / -1.6471434439696957000000000000000000000000
0.29858409663289864000000000000000000000000 -0.68393740924729352000000000000000000000000 / -1.5154804902551884000000000000000000000000
0.00094616950716471665000000000000000000000000 -0.3862994780276871000000000000000000000000 / -1.8131184502692248000000000000000000000000
0.14400239638757581000000000000000000000000 -0.52935570718080993000000000000000000000000 / -1.6700622051308842000000000000000000000000
0.51048754732107282000000000000000000000000 -0.89584100582036852000000000000000000000000 / -1.3035758675945626000000000000000000000000
0.24025476200420617000000000000000000000000 -0.62560809796683947000000000000000000000000 / -1.5738096373147918000000000000000000000000
0.54614172998358845000000000000000000000000 -0.93149536154250734000000000000000000000000 / -1.2679202946510939000000000000000000000000
0.050761000797463304000000000000000000000000 -0.43611431886099883000000000000000000000000 / -1.7633035423147121000000000000000000000000
0.51382458839366729000000000000000000000000 -0.89917789660940872000000000000000000000000 / -1.300240033831193000000000000000000000000
0.70062608778388857000000000000000000000000 -1.0859816439088412000000000000000000000000 / -1.1134204758333555000000000000000000000000
-0.20506544672989246000000000000000000000000 -1.945169504291397000000000000000000000000 / -1.6072305224052463000000000000000000000000
-1.6126900845436885000000000000000000000000 -2.6182052153587043000000000000000000000000 / -0.92250731831502442000000000000000000000000
-1.1165263272819732000000000000000000000000 1.9947177378005538000000000000000000000000 / 2.7499464576606689000000000000000000000000
1.8471402901365146000000000000000000000000 -0.50372766196453334000000000000000000000000 / -1.1123425614760452000000000000000000000000
/
32
32
0.92506973191373865000000000000000000000000 -0.074929943898761023000000000000000000000000 -0.074929957105401429000000000000000000000000 -0.074929971374651752000000000000000000000000 -0.074929953553556139000000000000000000000000 -0.074929948090997955000000000000000000000000 -0.074930704936562037000000000000000000000000 -0.074929952993132001000000000000000000000000 -0.074929952185648241000000000000000000000000 -0.07492994576467564000000000000000000000000 -0.074929943693208087000000000000000000000000 -0.074929951046729643000000000000000000000000 -0.074929994241808462000000000000000000000000 -0.074929947698336885000000000000000000000000 -0.0042054883170889942000000000000000000000000 -0.07492994990475764000000000000000000000000 -0.074929948461168294000000000000000000000000 -0.074930029529600997000000000000000000000000 -0.074929949942575208000000000000000000000000 -0.074929947144728601000000000000000000000000 -0.074929946013274476000000000000000000000000 -0.074929946641400791000000000000000000000000 -0.074929987463988337000000000000000000000000 -0.074929953597654517000000000000000000000000 -0.074930035293620523000000000000000000000000 -0.074929948650748132000000000000000000000000 -0.07492994592903994000000000000000000000000 -0.074930567191277969000000000000000000000000 -0.0019858376575660327000000000000000000000000 -0.00020533116286216375000000000000000000000000 -0.75359912824025344000000000000000000000000 -0.70903942361389294000000000000000000000000 / -0.84425783245591968000000000000000000000000
-0.074930248104191341000000000000000000000000 0.92507007608317793000000000000000000000000 -0.074929937123456483000000000000000000000000 -0.074929951392701144000000000000000000000000 -0.074929933571612678000000000000000000000000 -0.074929928109056673000000000000000000000000 -0.074930684954318483000000000000000000000000 -0.074929933011188707000000000000000000000000 -0.074929932203705196000000000000000000000000 -0.074929925782735204000000000000000000000000 -0.074929923711268526000000000000000000000000 -0.074929931064787028000000000000000000000000 -0.074929974259848528000000000000000000000000 -0.074929927716395658000000000000000000000000 -0.0042054857185338159000000000000000000000000 -0.074929929922815747000000000000000000000000 -0.074929928479226679000000000000000000000000 -0.074930009547627185000000000000000000000000 -0.074929929960632996000000000000000000000000 -0.074929927162787666000000000000000000000000 -0.074929926031333957000000000000000000000000 -0.074929926659459981000000000000000000000000 -0.07492996748203111000000000000000000000000 -0.074929933615710945000000000000000000000000 -0.074930015311644282000000000000000000000000 -0.074929928668806614000000000000000000000000 -0.074929925947099352000000000000000000000000 -0.074930547209089385000000000000000000000000 -0.0019858365087154269000000000000000000000000 -0.00020533103456066149000000000000000000000000 -0.75359903193252908000000000000000000000000 -0.70903941173558571000000000000000000000000 / -0.84425773215759359000000000000000000000000
-0.074930248918210943000000000000000000000000 -0.074929924730835637000000000000000000000000 0.92507006206252862000000000000000000000000 -0.074929952206715875000000000000000000000000 -0.074929934385627089000000000000000000000000 -0.074929928923071057000000000000000000000000 -0.074930685768345162000000000000000000000000 -0.074929933825203174000000000000000000000000 -0.07492993301771976000000000000000000000000 -0.074929926596749435000000000000000000000000 -0.074929924525282826000000000000000000000000 -0.074929931878801453000000000000000000000000 -0.074929975073863717000000000000000000000000 -0.074929928530409973000000000000000000000000 -0.0042054858243921363000000000000000000000000 -0.074929930736829908000000000000000000000000 -0.074929929293241035000000000000000000000000 -0.074930010361642874000000000000000000000000 -0.074929930774647394000000000000000000000000 -0.074929927976801924000000000000000000000000 -0.074929926845348341000000000000000000000000 -0.074929927473474336000000000000000000000000 -0.074929968296046312000000000000000000000000 -0.074929934429725439000000000000000000000000 -0.074930016125660068000000000000000000000000 -0.074929929482820803000000000000000000000000 -0.074929926761113735000000000000000000000000 -0.07493054802311383000000000000000000000000 -0.0019858365555166018000000000000000000000000 -0.00020533103978732808000000000000000000000000 -0.75359903585584653000000000000000000000000 -0.70903941221947897000000000000000000000000 / -0.84425773624348655000000000000000000000000
-0.074930249797726972000000000000000000000000 -0.074929925610345949000000000000000000000000 -0.07492993881698165000000000000000000000000 0.92507004691377326000000000000000000000000 -0.074929935265137734000000000000000000000000 -0.07492992980258148000000000000000000000000 -0.074930686647868616000000000000000000000000 -0.074929934704713749000000000000000000000000 -0.074929933897230253000000000000000000000000 -0.074929927476260039000000000000000000000000 -0.074929925404793277000000000000000000000000 -0.074929932758311821000000000000000000000000 -0.074929975953374958000000000000000000000000 -0.074929929409920451000000000000000000000000 -0.004205485938767922000000000000000000000000 -0.074929931616340512000000000000000000000000 -0.074929930172751513000000000000000000000000 -0.074930011241154795000000000000000000000000 -0.074929931654158025000000000000000000000000 -0.074929928856312389000000000000000000000000 -0.074929927724858736000000000000000000000000 -0.074929928352984759000000000000000000000000 -0.074929969175557512000000000000000000000000 -0.074929935309235848000000000000000000000000 -0.074930017005172211000000000000000000000000 -0.074929930362331268000000000000000000000000 -0.074929927640623992000000000000000000000000 -0.07493054890263505000000000000000000000000 -0.0019858366060834381000000000000000000000000 -0.00020533104543453691000000000000000000000000 -0.75359904009483702000000000000000000000000 -0.70903941274230819000000000000000000000000 / -0.84425774065813475000000000000000000000000
-0.074930248699285398000000000000000000000000 -0.074929924511911342000000000000000000000000 -0.074929937718546752000000000000000000000000 -0.074929951987791552000000000000000000000000 0.92507006583329732000000000000000000000000 -0.074929928704146762000000000000000000000000 -0.074930685549417578000000000000000000000000 -0.074929933606278948000000000000000000000000 -0.074929932798795493000000000000000000000000 -0.074929926377825376000000000000000000000000 -0.074929924306358586000000000000000000000000 -0.074929931659877033000000000000000000000000 -0.074929974854939282000000000000000000000000 -0.074929928311485788000000000000000000000000 -0.0042054857959221825000000000000000000000000 -0.074929930517905807000000000000000000000000 -0.074929929074316781000000000000000000000000 -0.074930010142718287000000000000000000000000 -0.074929930555723279000000000000000000000000 -0.074929927757877796000000000000000000000000 -0.074929926626423948000000000000000000000000 -0.074929927254550055000000000000000000000000 -0.074929968077121836000000000000000000000000 -0.074929934210801158000000000000000000000000 -0.074930015906735536000000000000000000000000 -0.074929929263896689000000000000000000000000 -0.074929926542189371000000000000000000000000 -0.074930547804186745000000000000000000000000 -0.0019858365429297107000000000000000000000000 -0.00020533103838164788000000000000000000000000 -0.75359903480069446000000000000000000000000 -0.70903941208933929000000000000000000000000 / -0.84425773514460989000000000000000000000000
-0.074930248362588936000000000000000000000000 -0.074929924175217114000000000000000000000000 -0.07492993738185233000000000000000000000000 -0.074929951651097185000000000000000000000000 -0.074929933830008469000000000000000000000000 0.92507007163254773000000000000000000000000 -0.07493068521271809000000000000000000000000 -0.074929933269584664000000000000000000000000 -0.074929932462101195000000000000000000000000 -0.074929926041131023000000000000000000000000 -0.074929923969664455000000000000000000000000 -0.074929931323182777000000000000000000000000 -0.074929974518244694000000000000000000000000 -0.074929927974791491000000000000000000000000 -0.0042054857521368416000000000000000000000000 -0.074929930181211579000000000000000000000000 -0.074929928737622525000000000000000000000000 -0.074930009806023504000000000000000000000000 -0.074929930219028884000000000000000000000000 -0.07492992742118347000000000000000000000000 -0.074929926289729692000000000000000000000000 -0.074929926917855799000000000000000000000000 -0.074929967740427275000000000000000000000000 -0.074929933874106833000000000000000000000000 -0.074930015570040698000000000000000000000000 -0.074929928927202377000000000000000000000000 -0.074929926205495226000000000000000000000000 -0.07493054746748834000000000000000000000000 -0.0019858365235717111000000000000000000000000 -0.00020533103621978285000000000000000000000000 -0.75359903317792265000000000000000000000000 -0.70903941188919095000000000000000000000000 / -0.84425773345459476000000000000000000000000
-0.074930295012830744000000000000000000000000 -0.074929970825156525000000000000000000000000 -0.074929984031804245000000000000000000000000 -0.074929998301061992000000000000000000000000 -0.074929980479956942000000000000000000000000 -0.07492997501739572000000000000000000000000 0.92506926813663237000000000000000000000000 -0.074929979919532486000000000000000000000000 -0.07492997911204842000000000000000000000000 -0.074929972691072225000000000000000000000000 -0.074929970619603464000000000000000000000000 -0.074929977973128947000000000000000000000000 -0.07493002116823104000000000000000000000000 -0.074929974624734427000000000000000000000000 -0.0042054918187629069000000000000000000000000 -0.074929976831156445000000000000000000000000 -0.074929975387566142000000000000000000000000 -0.074930056456042685000000000000000000000000 -0.07492997686897393000000000000000000000000 -0.074929974071125852000000000000000000000000 -0.07492997293967113000000000000000000000000 -0.074929973567797944000000000000000000000000 -0.074930014390407265000000000000000000000000 -0.074929980524055181000000000000000000000000 -0.074930062220065319000000000000000000000000 -0.074929975577146285000000000000000000000000 -0.074929972855436483000000000000000000000000 -0.074930594118009189000000000000000000000000 -0.0019858392056946988000000000000000000000000 -0.00020533133575443432000000000000000000000000 -0.75359925801996452000000000000000000000000 -0.70903943962023974000000000000000000000000 / -0.84425796761238825000000000000000000000000
-0.074930248664742419000000000000000000000000 -0.074929924477368667000000000000000000000000 -0.074929937684003925000000000000000000000000 -0.074929951953248877000000000000000000000000 -0.07492993413216012000000000000000000000000 -0.074929928669604129000000000000000000000000 -0.074930685514874334000000000000000000000000 0.92507006642826506000000000000000000000000 -0.074929932764252749000000000000000000000000 -0.074929926343282688000000000000000000000000 -0.074929924271815926000000000000000000000000 -0.074929931625334345000000000000000000000000 -0.074929974820396553000000000000000000000000 -0.074929928276943003000000000000000000000000 -0.0042054857914300787000000000000000000000000 -0.074929930483363008000000000000000000000000 -0.074929929039774218000000000000000000000000 -0.074930010108175557000000000000000000000000 -0.074929930521180618000000000000000000000000 -0.074929927723334983000000000000000000000000 -0.074929926591881191000000000000000000000000 -0.074929927220007436000000000000000000000000 -0.07492996804257912000000000000000000000000 -0.074929934176258289000000000000000000000000 -0.07493001587219289000000000000000000000000 -0.074929929229354167000000000000000000000000 -0.074929926507646835000000000000000000000000 -0.074930547769643668000000000000000000000000 -0.0019858365409436995000000000000000000000000 -0.00020533103815985383000000000000000000000000 -0.75359903463420752000000000000000000000000 -0.70903941206880494000000000000000000000000 / -0.84425773497122591000000000000000000000000
-0.074930248614971329000000000000000000000000 -0.074929924427598021000000000000000000000000 -0.074929937634233321000000000000000000000000 -0.074929951903478217000000000000000000000000 -0.074929934082389363000000000000000000000000 -0.074929928619833372000000000000000000000000 -0.0749306854651028000000000000000000000000 -0.074929933521965433000000000000000000000000 0.92507006728551744000000000000000000000000 -0.074929926293511986000000000000000000000000 -0.074929924222045113000000000000000000000000 -0.074929931575563657000000000000000000000000 -0.07492997477062599000000000000000000000000 -0.074929928227172357000000000000000000000000 -0.0042054857849576572000000000000000000000000 -0.074929930433592307000000000000000000000000 -0.074929928990003558000000000000000000000000 -0.074930010058404703000000000000000000000000 -0.074929930471409847000000000000000000000000 -0.074929927673564337000000000000000000000000 -0.074929926542110531000000000000000000000000 -0.074929927170236707000000000000000000000000 -0.074929967992808488000000000000000000000000 -0.074929934126487727000000000000000000000000 -0.07493001582242198000000000000000000000000 -0.074929929179583327000000000000000000000000 -0.074929926457876175000000000000000000000000 -0.074930547719872384000000000000000000000000 -0.0019858365380821725000000000000000000000000 -0.00020533103784028386000000000000000000000000 -0.75359903439432796000000000000000000000000 -0.70903941203921883000000000000000000000000 / -0.8442577347214042000000000000000000000000
-0.074930248219200996000000000000000000000000 -0.074929924031830297000000000000000000000000 -0.074929937238465513000000000000000000000000 -0.074929951507710216000000000000000000000000 -0.074929933686621569000000000000000000000000 -0.074929928224065592000000000000000000000000 -0.074930685069329053000000000000000000000000 -0.074929933126197709000000000000000000000000 -0.074929932318714226000000000000000000000000 0.92507007410225606000000000000000000000000 -0.074929923826277528000000000000000000000000 -0.074929931179795878000000000000000000000000 -0.074929974374857711000000000000000000000000 -0.074929927831404605000000000000000000000000 -0.0042054857334901212000000000000000000000000 -0.074929930037824583000000000000000000000000 -0.07492992859423557000000000000000000000000 -0.07493000966263616000000000000000000000000 -0.074929930075641929000000000000000000000000 -0.07492992727779664000000000000000000000000 -0.074929926146342876000000000000000000000000 -0.074929926774468941000000000000000000000000 -0.074929967597040348000000000000000000000000 -0.074929933730719975000000000000000000000000 -0.074930015426653368000000000000000000000000 -0.074929928783815533000000000000000000000000 -0.074929926062108271000000000000000000000000 -0.074930547324099706000000000000000000000000 -0.0019858365153277821000000000000000000000000 -0.00020533103529911693000000000000000000000000 -0.75359903248683902000000000000000000000000 -0.7090394118039538000000000000000000000000 / -0.84425773273487315000000000000000000000000
-0.074930248091521739000000000000000000000000 -0.074929923904151666000000000000000000000000 -0.074929937110786937000000000000000000000000 -0.074929951380031543000000000000000000000000 -0.074929933558942993000000000000000000000000 -0.074929928096387058000000000000000000000000 -0.074930684941648465000000000000000000000000 -0.074929932998519133000000000000000000000000 -0.074929932191035789000000000000000000000000 -0.074929925770065658000000000000000000000000 0.92507007630140126000000000000000000000000 -0.074929931052117413000000000000000000000000 -0.074929974247178982000000000000000000000000 -0.074929927703726071000000000000000000000000 -0.0042054857168861972000000000000000000000000 -0.074929929910146006000000000000000000000000 -0.074929928466557133000000000000000000000000 -0.074930009534957737000000000000000000000000 -0.074929929947963547000000000000000000000000 -0.074929927150118092000000000000000000000000 -0.074929926018664286000000000000000000000000 -0.074929926646790365000000000000000000000000 -0.074929967469361716000000000000000000000000 -0.074929933603041426000000000000000000000000 -0.07493001529897475000000000000000000000000 -0.074929928656137054000000000000000000000000 -0.074929925934429667000000000000000000000000 -0.074930547196419769000000000000000000000000 -0.0019858365079869992000000000000000000000000 -0.00020533103447931188000000000000000000000000 -0.75359903187146593000000000000000000000000 -0.70903941172805351000000000000000000000000 / -0.84425773209399924000000000000000000000000
-0.074930248544771691000000000000000000000000 -0.074929924357398828000000000000000000000000 -0.074929937564034099000000000000000000000000 -0.074929951833278829000000000000000000000000 -0.074929934012190294000000000000000000000000 -0.074929928549634053000000000000000000000000 -0.074930685394902399000000000000000000000000 -0.074929933451766323000000000000000000000000 -0.074929932644282882000000000000000000000000 -0.074929926223312737000000000000000000000000 -0.074929924151846072000000000000000000000000 0.92507006849463569000000000000000000000000 -0.074929974700426352000000000000000000000000 -0.074929928156973288000000000000000000000000 -0.0042054857758286168000000000000000000000000 -0.074929930363393182000000000000000000000000 -0.074929928919804156000000000000000000000000 -0.074930009988205273000000000000000000000000 -0.074929930401210654000000000000000000000000 -0.074929927603365198000000000000000000000000 -0.074929926471911296000000000000000000000000 -0.074929927100037416000000000000000000000000 -0.074929967922609059000000000000000000000000 -0.074929934056288477000000000000000000000000 -0.074930015752222759000000000000000000000000 -0.074929929109384091000000000000000000000000 -0.074929926387676857000000000000000000000000 -0.074930547649672344000000000000000000000000 -0.0019858365340461163000000000000000000000000 -0.0002053310373895447000000000000000000000000 -0.75359903405598694000000000000000000000000 -0.70903941199748843000000000000000000000000 / -0.84425773436904417000000000000000000000000
-0.074930251207194348000000000000000000000000 -0.074929927019804179000000000000000000000000 -0.074929940226440186000000000000000000000000 -0.074929954495685541000000000000000000000000 -0.074929936674596159000000000000000000000000 -0.074929931212039752000000000000000000000000 -0.074930688057348441000000000000000000000000 -0.074929936114172105000000000000000000000000 -0.074929935306688539000000000000000000000000 -0.074929928885718242000000000000000000000000 -0.074929926814251369000000000000000000000000 -0.074929934167770412000000000000000000000000 0.92507002263716509000000000000000000000000 -0.074929930819378834000000000000000000000000 -0.0042054861220607413000000000000000000000000 -0.074929933025798881000000000000000000000000 -0.074929931582209869000000000000000000000000 -0.074930012650615371000000000000000000000000 -0.074929933063616283000000000000000000000000 -0.074929930265770647000000000000000000000000 -0.074929929134316828000000000000000000000000 -0.074929929762442962000000000000000000000000 -0.074929970585016714000000000000000000000000 -0.074929936718694218000000000000000000000000 -0.074930018414632829000000000000000000000000 -0.074929931771789623000000000000000000000000 -0.074929929050082278000000000000000000000000 -0.074930550312110752000000000000000000000000 -0.001985836687119282000000000000000000000000 -0.00020533105448446699000000000000000000000000 -0.75359904688803092000000000000000000000000 -0.70903941358016542000000000000000000000000 / -0.84425774773282469000000000000000000000000
-0.07493024833838631000000000000000000000000 -0.074929924151014807000000000000000000000000 -0.074929937357650078000000000000000000000000 -0.074929951626894697000000000000000000000000 -0.074929933805806093000000000000000000000000 -0.074929928343250116000000000000000000000000 -0.074930685188515297000000000000000000000000 -0.074929933245382177000000000000000000000000 -0.074929932437898819000000000000000000000000 -0.074929926016928675000000000000000000000000 -0.074929923945462093000000000000000000000000 -0.074929931298980373000000000000000000000000 -0.074929974494042192000000000000000000000000 0.92507007204941061000000000000000000000000 -0.0042054857489894513000000000000000000000000 -0.07492993015700905000000000000000000000000 -0.074929928713420163000000000000000000000000 -0.074930009781821169000000000000000000000000 -0.074929930194826591000000000000000000000000 -0.074929927396981011000000000000000000000000 -0.074929926265527344000000000000000000000000 -0.074929926893653576000000000000000000000000 -0.074929967716224871000000000000000000000000 -0.074929933849904484000000000000000000000000 -0.074930015545838322000000000000000000000000 -0.074929928903000001000000000000000000000000 -0.074929926181292766000000000000000000000000 -0.074930547443285839000000000000000000000000 -0.0019858365221802148000000000000000000000000 -0.00020533103606438331000000000000000000000000 -0.75359903306127474000000000000000000000000 -0.70903941187480257000000000000000000000000 / -0.84425773333311294000000000000000000000000
-0.071341963649588627000000000000000000000000 -0.071341660036264382000000000000000000000000 -0.071341672404764384000000000000000000000000 -0.071341685768436996000000000000000000000000 -0.071341669078331782000000000000000000000000 -0.071341663962447122000000000000000000000000 -0.071342372775427154000000000000000000000000 -0.071341668553474236000000000000000000000000 -0.071341667797236316000000000000000000000000 -0.071341661783761487000000000000000000000000 -0.07134165984375658000000000000000000000000 -0.071341666730597345000000000000000000000000 -0.071341707184361294000000000000000000000000 -0.071341663594705604000000000000000000000000 0.9961177486495526000000000000000000000000 -0.071341665661099271000000000000000000000000 -0.071341664309124975000000000000000000000000 -0.071341740232661544000000000000000000000000 -0.071341665696516648000000000000000000000000 -0.07134166307623134000000000000000000000000 -0.071341662016583193000000000000000000000000 -0.071341662604846479000000000000000000000000 -0.071341700836686284000000000000000000000000 -0.071341669119631579000000000000000000000000 -0.071341745630875197000000000000000000000000 -0.07134166448667352000000000000000000000000 -0.071341661937694451000000000000000000000000 -0.071342243772105809000000000000000000000000 -0.0018375725312316437000000000000000000000000 -0.00018955145949597582000000000000000000000000 -0.74099132632360309000000000000000000000000 -0.70309277719580532000000000000000000000000 / -0.82762373259396949000000000000000000000000
-0.07493024847438387000000000000000000000000 -0.074929924287011326000000000000000000000000 -0.074929937493646598000000000000000000000000 -0.074929951762891439000000000000000000000000 -0.074929933941802807000000000000000000000000 -0.07492992847924676000000000000000000000000 -0.074930685324513954000000000000000000000000 -0.074929933381378849000000000000000000000000 -0.074929932573895519000000000000000000000000 -0.074929926152925264000000000000000000000000 -0.074929924081458613000000000000000000000000 -0.074929931434977073000000000000000000000000 -0.074929974630039156000000000000000000000000 -0.074929928086585745000000000000000000000000 -0.0042054857666750977000000000000000000000000 0.9250700697069939000000000000000000000000 -0.074929928849416821000000000000000000000000 -0.074930009917818008000000000000000000000000 -0.074929930330823097000000000000000000000000 -0.074929927532977628000000000000000000000000 -0.074929926401524002000000000000000000000000 -0.074929927029650123000000000000000000000000 -0.074929967852221627000000000000000000000000 -0.074929933985901073000000000000000000000000 -0.074930015681835202000000000000000000000000 -0.074929929038996562000000000000000000000000 -0.074929926317289383000000000000000000000000 -0.074930547579283982000000000000000000000000 -0.0019858365299992415000000000000000000000000 -0.00020533103693759738000000000000000000000000 -0.7535990337167402000000000000000000000000 -0.70903941195564568000000000000000000000000 / -0.84425773401573878000000000000000000000000
-0.074930248385405088000000000000000000000000 -0.07492992419803321000000000000000000000000 -0.074929937404668481000000000000000000000000 -0.074929951673913101000000000000000000000000 -0.07492993385282469000000000000000000000000 -0.074929928390268574000000000000000000000000 -0.074930685235534519000000000000000000000000 -0.074929933292400705000000000000000000000000 -0.074929932484917194000000000000000000000000 -0.074929926063947189000000000000000000000000 -0.074929923992480441000000000000000000000000 -0.074929931345999012000000000000000000000000 -0.074929974541060748000000000000000000000000 -0.074929927997607601000000000000000000000000 -0.0042054857551039482000000000000000000000000 -0.074929930204027537000000000000000000000000 0.92507007123956042000000000000000000000000 -0.074930009828839503000000000000000000000000 -0.074929930241845022000000000000000000000000 -0.074929927443999511000000000000000000000000 -0.074929926312545803000000000000000000000000 -0.074929926940671826000000000000000000000000 -0.074929967763243316000000000000000000000000 -0.074929933896922804000000000000000000000000 -0.074930015592856683000000000000000000000000 -0.074929928950018598000000000000000000000000 -0.074929926228311336000000000000000000000000 -0.074930547490304839000000000000000000000000 -0.0019858365248835016000000000000000000000000 -0.00020533103636628149000000000000000000000000 -0.75359903328789057000000000000000000000000 -0.70903941190275299000000000000000000000000 / -0.84425773356911848000000000000000000000000
-0.074930253382236398000000000000000000000000 -0.07492992919483199000000000000000000000000 -0.074929942401468719000000000000000000000000 -0.07492995667071474000000000000000000000000 -0.074929938849624331000000000000000000000000 -0.074929933387067812000000000000000000000000 -0.074930690232409322000000000000000000000000 -0.074929938289200415000000000000000000000000 -0.074929937481716918000000000000000000000000 -0.07492993106074626000000000000000000000000 -0.07492992898927936000000000000000000000000 -0.074929936342798514000000000000000000000000 -0.074929979537864608000000000000000000000000 -0.07492993299440677000000000000000000000000 -0.0042054864049121564000000000000000000000000 -0.074929935200826997000000000000000000000000 -0.074929933757237999000000000000000000000000 0.92506998517435268000000000000000000000000 -0.074929935238644371000000000000000000000000 -0.074929932440798694000000000000000000000000 -0.074929931309344847000000000000000000000000 -0.074929931937471023000000000000000000000000 -0.074929972760046634000000000000000000000000 -0.074929938893722653000000000000000000000000 -0.074930020589664845000000000000000000000000 -0.074929933946817726000000000000000000000000 -0.074929931225110311000000000000000000000000 -0.074930552487165861000000000000000000000000 -0.0019858368121711046000000000000000000000000 -0.00020533106845001955000000000000000000000000 -0.75359905737106636000000000000000000000000 -0.70903941487311717000000000000000000000000 / -0.84425775865024977000000000000000000000000
-0.074930248476714811000000000000000000000000 -0.074929924289342323000000000000000000000000 -0.074929937495977553000000000000000000000000 -0.0749299517652222000000000000000000000000 -0.07492993394413372000000000000000000000000 -0.074929928481577632000000000000000000000000 -0.074930685326844965000000000000000000000000 -0.074929933383709846000000000000000000000000 -0.074929932576226391000000000000000000000000 -0.074929926155256427000000000000000000000000 -0.074929924083789498000000000000000000000000 -0.074929931437308056000000000000000000000000 -0.074929974632369917000000000000000000000000 -0.074929928088916672000000000000000000000000 -0.0042054857669782224000000000000000000000000 -0.074929930295336553000000000000000000000000 -0.074929928851747749000000000000000000000000 -0.074930009920148949000000000000000000000000 0.92507006966684546000000000000000000000000 -0.074929927535308652000000000000000000000000 -0.074929926403855152000000000000000000000000 -0.074929927031981022000000000000000000000000 -0.074929967854552582000000000000000000000000 -0.074929933988231903000000000000000000000000 -0.074930015684165907000000000000000000000000 -0.074929929041327628000000000000000000000000 -0.074929926319620282000000000000000000000000 -0.074930547581614992000000000000000000000000 -0.0019858365301332554000000000000000000000000 -0.00020533103695256406000000000000000000000000 -0.75359903372797388000000000000000000000000 -0.70903941195703379000000000000000000000000 / -0.8442577340274382000000000000000000000000
-0.074930248304263605000000000000000000000000 -0.074929924116892116000000000000000000000000 -0.074929937323527415000000000000000000000000 -0.074929951592772034000000000000000000000000 -0.074929933771683568000000000000000000000000 -0.074929928309127633000000000000000000000000 -0.074930685154392274000000000000000000000000 -0.074929933211259486000000000000000000000000 -0.074929932403776309000000000000000000000000 -0.074929925982806053000000000000000000000000 -0.074929923911339472000000000000000000000000 -0.07492993126485796000000000000000000000000 -0.074929974459919557000000000000000000000000 -0.074929927916466563000000000000000000000000 -0.0042054857445519844000000000000000000000000 -0.074929930122886595000000000000000000000000 -0.074929928679297722000000000000000000000000 -0.074930009747698451000000000000000000000000 -0.0749299301607039000000000000000000000000 0.92507007263714225000000000000000000000000 -0.074929926231404542000000000000000000000000 -0.074929926859530829000000000000000000000000 -0.074929967682102278000000000000000000000000 -0.074929933815781863000000000000000000000000 -0.074930015511715617000000000000000000000000 -0.074929928868877491000000000000000000000000 -0.074929926147170187000000000000000000000000 -0.074930547409162634000000000000000000000000 -0.0019858365202183592000000000000000000000000 -0.00020533103584528711000000000000000000000000 -0.75359903289681374000000000000000000000000 -0.70903941185451858000000000000000000000000 / -0.84425773316183628000000000000000000000000
-0.074930248234523975000000000000000000000000 -0.074929924047152957000000000000000000000000 -0.074929937253788187000000000000000000000000 -0.074929951523032945000000000000000000000000 -0.074929933701944562000000000000000000000000 -0.074929928239388308000000000000000000000000 -0.074930685084652005000000000000000000000000 -0.074929933141520577000000000000000000000000 -0.074929932334037094000000000000000000000000 -0.074929925913067116000000000000000000000000 -0.074929923841600285000000000000000000000000 -0.074929931195118787000000000000000000000000 -0.074929974390180426000000000000000000000000 -0.07492992784672739000000000000000000000000 -0.0042054857354827703000000000000000000000000 -0.074929930053147506000000000000000000000000 -0.074929928609558411000000000000000000000000 -0.074930009677959195000000000000000000000000 -0.074929930090964908000000000000000000000000 -0.074929927293119369000000000000000000000000 0.92507007383833451000000000000000000000000 -0.07492992678979174000000000000000000000000 -0.074929967612363049000000000000000000000000 -0.074929933746042676000000000000000000000000 -0.074930015441976416000000000000000000000000 -0.074929928799138373000000000000000000000000 -0.074929926077430986000000000000000000000000 -0.074930547339422726000000000000000000000000 -0.0019858365162087562000000000000000000000000 -0.00020533103539750221000000000000000000000000 -0.75359903256069061000000000000000000000000 -0.70903941181306185000000000000000000000000 / -0.84425773281178551000000000000000000000000
-0.074930248273239922000000000000000000000000 -0.074929924085868793000000000000000000000000 -0.074929937292503926000000000000000000000000 -0.074929951561748573000000000000000000000000 -0.074929933740660093000000000000000000000000 -0.074929928278104033000000000000000000000000 -0.074930685123368423000000000000000000000000 -0.074929933180236219000000000000000000000000 -0.074929932372752847000000000000000000000000 -0.074929925951782661000000000000000000000000 -0.074929923880315968000000000000000000000000 -0.074929931233834318000000000000000000000000 -0.074929974428896248000000000000000000000000 -0.074929927885443046000000000000000000000000 -0.004205485740517545000000000000000000000000 -0.07492993009186294000000000000000000000000 -0.07492992864827408000000000000000000000000 -0.074930009716674767000000000000000000000000 -0.074929930129680439000000000000000000000000 -0.074929927331835011000000000000000000000000 -0.074929926200381317000000000000000000000000 0.92507007317149159000000000000000000000000 -0.074929967651078747000000000000000000000000 -0.074929933784758346000000000000000000000000 -0.074930015480692169000000000000000000000000 -0.074929928837854015000000000000000000000000 -0.074929926116146711000000000000000000000000 -0.074930547378138784000000000000000000000000 -0.0019858365184346862000000000000000000000000 -0.00020533103564608992000000000000000000000000 -0.7535990327472889000000000000000000000000 -0.7090394118360771000000000000000000000000 / -0.84425773300611584000000000000000000000000
-0.074930250789428429000000000000000000000000 -0.074929926602041036000000000000000000000000 -0.074929939808676876000000000000000000000000 -0.074929954077922148000000000000000000000000 -0.074929936256833016000000000000000000000000 -0.074929930794276622000000000000000000000000 -0.074930687639578789000000000000000000000000 -0.074929935696408878000000000000000000000000 -0.074929934888925534000000000000000000000000 -0.074929928467955126000000000000000000000000 -0.074929926396488267000000000000000000000000 -0.074929933750007019000000000000000000000000 -0.074929976945070961000000000000000000000000 -0.074929930401615441000000000000000000000000 -0.0042054860677327695000000000000000000000000 -0.074929932608035682000000000000000000000000 -0.074929931164446559000000000000000000000000 -0.074930012232851492000000000000000000000000 -0.074929932645852987000000000000000000000000 -0.074929929848007393000000000000000000000000 -0.07492992871655374000000000000000000000000 -0.074929929344679805000000000000000000000000 0.92507002983274644000000000000000000000000 -0.074929936300931102000000000000000000000000 -0.074930017996869047000000000000000000000000 -0.074929931354026466000000000000000000000000 -0.074929928632319037000000000000000000000000 -0.074930549894342349000000000000000000000000 -0.0019858366631002678000000000000000000000000 -0.0002053310518020685000000000000000000000000 -0.75359904487452978000000000000000000000000 -0.70903941333182352000000000000000000000000 / -0.84425774563588729000000000000000000000000
-0.074930248702003502000000000000000000000000 -0.074929924514629292000000000000000000000000 -0.074929937721264758000000000000000000000000 -0.074929951990509447000000000000000000000000 -0.074929934169420884000000000000000000000000 -0.074929928706864837000000000000000000000000 -0.074930685552135501000000000000000000000000 -0.074929933608996996000000000000000000000000 -0.074929932801513513000000000000000000000000 -0.074929926380543382000000000000000000000000 -0.074929924309076759000000000000000000000000 -0.07492993166259522000000000000000000000000 -0.074929974857657303000000000000000000000000 -0.074929928314203781000000000000000000000000 -0.0042054857962756497000000000000000000000000 -0.0749299305206238000000000000000000000000 -0.07492992907703494000000000000000000000000 -0.074930010145436474000000000000000000000000 -0.074929930558441438000000000000000000000000 -0.074929927760595802000000000000000000000000 -0.074929926629142038000000000000000000000000 -0.074929927257268075000000000000000000000000 -0.074929968079839884000000000000000000000000 0.92507006578647955000000000000000000000000 -0.074930015909453626000000000000000000000000 -0.074929929266614848000000000000000000000000 -0.074929926544907446000000000000000000000000 -0.074930547806904946000000000000000000000000 -0.0019858365430859819000000000000000000000000 -0.00020533103839910006000000000000000000000000 -0.75359903481379498000000000000000000000000 -0.70903941209095456000000000000000000000000 / -0.84425773515825298000000000000000000000000
-0.074930253737514607000000000000000000000000 -0.074929929550108104000000000000000000000000 -0.074929942756744833000000000000000000000000 -0.074929957025991131000000000000000000000000 -0.074929939204900459000000000000000000000000 -0.074929933742343996000000000000000000000000 -0.074930690587690918000000000000000000000000 -0.074929938644476515000000000000000000000000 -0.074929937836993019000000000000000000000000 -0.074929931416022277000000000000000000000000 -0.074929929344555349000000000000000000000000 -0.074929936698074615000000000000000000000000 -0.074929979893141152000000000000000000000000 -0.074929933349682953000000000000000000000000 -0.0042054864511140337000000000000000000000000 -0.074929935556103125000000000000000000000000 -0.074929934112513988000000000000000000000000 -0.074930015180923681000000000000000000000000 -0.074929935593920527000000000000000000000000 -0.074929932796074766000000000000000000000000 -0.074929931664620891000000000000000000000000 -0.074929932292747137000000000000000000000000 -0.074929973115322956000000000000000000000000 -0.074929939248999003000000000000000000000000 0.92506997905505806000000000000000000000000 -0.074929934302094006000000000000000000000000 -0.07492993158038655000000000000000000000000 -0.074930552842446374000000000000000000000000 -0.0019858368325974813000000000000000000000000 -0.00020533107073119906000000000000000000000000 -0.75359905908340097000000000000000000000000 -0.70903941508431234000000000000000000000000 / -0.84425776043353751000000000000000000000000
-0.074930248397090296000000000000000000000000 -0.07492992420971839000000000000000000000000 -0.074929937416353634000000000000000000000000 -0.07492995168559817000000000000000000000000 -0.074929933864509732000000000000000000000000 -0.074929928401953658000000000000000000000000 -0.0749306852472197000000000000000000000000 -0.074929933304085691000000000000000000000000 -0.074929932496602403000000000000000000000000 -0.074929926075632286000000000000000000000000 -0.074929924004165552000000000000000000000000 -0.074929931357684137000000000000000000000000 -0.074929974552745984000000000000000000000000 -0.074929928009292643000000000000000000000000 -0.0042054857566235374000000000000000000000000 -0.074929930215712773000000000000000000000000 -0.074929928772123733000000000000000000000000 -0.074930009840524642000000000000000000000000 -0.074929930253530092000000000000000000000000 -0.074929927455684664000000000000000000000000 -0.074929926324230942000000000000000000000000 -0.074929926952357118000000000000000000000000 -0.074929967774928607000000000000000000000000 -0.074929933908608054000000000000000000000000 -0.07493001560454203000000000000000000000000 0.92507007103829553000000000000000000000000 -0.074929926239996295000000000000000000000000 -0.074930547501989991000000000000000000000000 -0.001985836525555331000000000000000000000000 -0.0002053310364413098000000000000000000000000 -0.75359903334420997000000000000000000000000 -0.70903941190969888000000000000000000000000 / -0.8442577336277709000000000000000000000000
-0.074930248229332003000000000000000000000000 -0.074929924041961138000000000000000000000000 -0.074929937248596187000000000000000000000000 -0.074929951517840918000000000000000000000000 -0.074929933696752563000000000000000000000000 -0.074929928234196391000000000000000000000000 -0.074930685079460005000000000000000000000000 -0.074929933136328439000000000000000000000000 -0.07492993232884515000000000000000000000000 -0.07492992590787495000000000000000000000000 -0.074929923836408355000000000000000000000000 -0.074929931189926802000000000000000000000000 -0.07492997438498851000000000000000000000000 -0.074929927841535487000000000000000000000000 -0.0042054857348075882000000000000000000000000 -0.074929930047955409000000000000000000000000 -0.07492992860436648000000000000000000000000 -0.074930009672767292000000000000000000000000 -0.074929930085772825000000000000000000000000 -0.074929927287927439000000000000000000000000 -0.074929926156473634000000000000000000000000 -0.074929926784599726000000000000000000000000 -0.074929967607171175000000000000000000000000 -0.074929933740850746000000000000000000000000 -0.074930015436784375000000000000000000000000 -0.074929928793946429000000000000000000000000 0.92507007392776175000000000000000000000000 -0.074930547334230754000000000000000000000000 -0.0019858365159102502000000000000000000000000 -0.0002053310353641657000000000000000000000000 -0.75359903253566696000000000000000000000000 -0.70903941180997676000000000000000000000000 / -0.84425773278572369000000000000000000000000
-0.074930286522457215000000000000000000000000 -0.074929962334838215000000000000000000000000 -0.074929975541483548000000000000000000000000 -0.074929989810739214000000000000000000000000 -0.074929971989637037000000000000000000000000 -0.074929966527076772000000000000000000000000 -0.074930723372919797000000000000000000000000 -0.074929971429212622000000000000000000000000 -0.074929970621728556000000000000000000000000 -0.074929964200753638000000000000000000000000 -0.074929962129285307000000000000000000000000 -0.074929969482809361000000000000000000000000 -0.07493001267790432000000000000000000000000 -0.074929966134415465000000000000000000000000 -0.0042054907146265716000000000000000000000000 -0.074929968340837205000000000000000000000000 -0.074929966897247138000000000000000000000000 -0.074930047965709901000000000000000000000000 -0.074929968378654579000000000000000000000000 -0.074929965580807029000000000000000000000000 -0.074929964449352529000000000000000000000000 -0.074929965077479024000000000000000000000000 -0.074930005900081781000000000000000000000000 -0.074929972033735262000000000000000000000000 -0.074930053729731522000000000000000000000000 -0.074929967086827143000000000000000000000000 -0.074929964365117882000000000000000000000000 0.92506941437241519000000000000000000000000 -0.0019858387175439628000000000000000000000000 -0.00020533128123860652000000000000000000000000 -0.7535992170981809000000000000000000000000 -0.70903943457319896000000000000000000000000 / -0.84425792499531671000000000000000000000000
-0.61796017379357093000000000000000000000000 -0.61795665903702446000000000000000000000000 -0.61795680221907479000000000000000000000000 -0.6179569569216794000000000000000000000000 -0.61795676371112929000000000000000000000000 -0.6179567044878701000000000000000000000000 -0.61796491008459287000000000000000000000000 -0.61795675763519475000000000000000000000000 -0.61795674888072039000000000000000000000000 -0.6179566792666541000000000000000000000000 -0.61795665680848899000000000000000000000000 -0.6179567365329377000000000000000000000000 -0.61795720484019412000000000000000000000000 -0.61795670023076787000000000000000000000000 -0.059053363085008276000000000000000000000000 -0.61795672415205538000000000000000000000000 -0.61795670850113327000000000000000000000000 -0.6179575874197929000000000000000000000000 -0.61795672456205963000000000000000000000000 -0.61795669422872923000000000000000000000000 -0.61795668196187814000000000000000000000000 -0.61795668877181698000000000000000000000000 -0.61795713135717756000000000000000000000000 -0.61795676418922862000000000000000000000000 -0.61795764991160385000000000000000000000000 -0.61795671055649692000000000000000000000000 -0.61795668104863433000000000000000000000000 -0.61796341665368804000000000000000000000000 0.97138145056401415000000000000000000000000 -0.0028228609567105263000000000000000000000000 -0.34883065138343661000000000000000000000000 1.5276846416824794000000000000000000000000 / -0.46662598455297832000000000000000000000000
0.017624400914535092000000000000000000000000 0.017624735842905855000000000000000000000000 0.017624722198896658000000000000000000000000 0.01762470745706906000000000000000000000000 0.017624725868371174000000000000000000000000 0.017624731511834735000000000000000000000000 0.017623949575340178000000000000000000000000 0.017624726447355177000000000000000000000000 0.01762472728158088000000000000000000000000 0.017624733915198101000000000000000000000000 0.017624736055265919000000000000000000000000 0.017624728458217602000000000000000000000000 0.017624683832544716000000000000000000000000 0.017624731917499886000000000000000000000000 -0.023776523222305338000000000000000000000000 0.01762472963800852000000000000000000000000 0.017624731129405741000000000000000000000000 0.017624647375914647000000000000000000000000 0.017624729598938644000000000000000000000000 0.017624732489442053000000000000000000000000 0.017624733658366445000000000000000000000000 0.017624733009438485000000000000000000000000 0.017624690834853182000000000000000000000000 0.017624725822812576000000000000000000000000 0.01762464142096282000000000000000000000000 0.017624730933547297000000000000000000000000 0.017624733745390586000000000000000000000000 0.017624091891082095000000000000000000000000 -0.0075575089819800234000000000000000000000000 0.99871022426690059000000000000000000000000 -0.59927753089114366000000000000000000000000 0.53743211430261606000000000000000000000000 / -0.51252266262926871000000000000000000000000
0.10574793382045083000000000000000000000000 0.10574701368669533000000000000000000000000 0.10574705117042341000000000000000000000000 0.10574709167013772000000000000000000000000 0.10574704108940063000000000000000000000000 0.10574702558530258000000000000000000000000 0.10574917375225125000000000000000000000000 0.10574703949877745000000000000000000000000 0.10574703720693751000000000000000000000000 0.10574701898262334000000000000000000000000 0.10574701310328567000000000000000000000000 0.10574703397440272000000000000000000000000 0.10574715657294446000000000000000000000000 0.10574702447083269000000000000000000000000 0.039119657559128648000000000000000000000000 0.10574703073320289000000000000000000000000 0.10574702663593737000000000000000000000000 0.10574725672885996000000000000000000000000 0.1057470308405383000000000000000000000000 0.10574702289955507000000000000000000000000 0.10574701968820807000000000000000000000000 0.10574702147098622000000000000000000000000 0.10574713733575729000000000000000000000000 0.10574704121456263000000000000000000000000 0.10574727308866454000000000000000000000000 0.10574702717401251000000000000000000000000 0.10574701944912934000000000000000000000000 0.10574878277993387000000000000000000000000 0.015064067154004991000000000000000000000000 0.0020390618590579663000000000000000000000000 0.77001798653065179000000000000000000000000 -1.3136449043053275000000000000000000000000 / -0.27355675579865785000000000000000000000000
0.041511864536978596000000000000000000000000 0.041511591619339823000000000000000000000000 0.041511602737279656000000000000000000000000 0.041511614749780289000000000000000000000000 0.041511599747177046000000000000000000000000 0.041511595148551447000000000000000000000000 0.041512232306929124000000000000000000000000 0.041511599275386911000000000000000000000000 0.041511598595610946000000000000000000000000 0.041511593190149874000000000000000000000000 0.041511591446296431000000000000000000000000 0.041511597636818179000000000000000000000000 0.041511634000405195000000000000000000000000 0.041511594817991805000000000000000000000000 0.0086591970555659776000000000000000000000000 0.041511596675455266000000000000000000000000 0.041511595460177228000000000000000000000000 0.041511663707336416000000000000000000000000 0.041511596707291709000000000000000000000000 0.041511594351939712000000000000000000000000 0.041511593399431314000000000000000000000000 0.041511593928216003000000000000000000000000 0.041511628294521978000000000000000000000000 0.041511599784300912000000000000000000000000 0.041511668559765263000000000000000000000000 0.041511595619774133000000000000000000000000 0.041511593328518864000000000000000000000000 0.041512116342822307000000000000000000000000 0.0035954363433293069000000000000000000000000 0.00043062725585189446000000000000000000000000 0.1453530660570693000000000000000000000000 0.68252989767276862000000000000000000000000 / 0.14096938717121971000000000000000000000000
/
