3
66
2 32
2 1
/
2
1
0.73236083984375000000000000000000000000 / -0.20587158203125000000000000000000000000
0.591094970703125000000000000000000000000 / 0.1712646484375000000000000000000000000
/
32
2
0.085727674068622625000000000000000000000000 -0.54539059686101188000000000000000000000000 / -1.3268580170233928000000000000000000000000
0.3900032951523788000000000000000000000000 -0.84966429818893618000000000000000000000000 / -1.0225960601381934000000000000000000000000
0.61419538496810422000000000000000000000000 -1.0738564662104313000000000000000000000000 / -0.79840341367853629000000000000000000000000
0.68884115241842558000000000000000000000000 -1.148502318159037000000000000000000000000 / -0.72375704479622049000000000000000000000000
0.53204212156859765000000000000000000000000 -0.99170318177795636000000000000000000000000 / -0.88055682678405378000000000000000000000000
0.045032524853090984000000000000000000000000 -0.50469355271481509000000000000000000000000 / -1.3675666537397899000000000000000000000000
0.35884282573401272000000000000000000000000 -0.81850833549061797000000000000000000000000 / -1.053724452240252000000000000000000000000
0.32246774903813535000000000000000000000000 -0.78212880592883027000000000000000000000000 / -1.0901312229357161000000000000000000000000
0.3507372118466423000000000000000000000000 -0.81039826395565895000000000000000000000000 / -1.0618617941616801000000000000000000000000
0.44023519884765544000000000000000000000000 -0.89989621293359845000000000000000000000000 / -0.97236407779688117000000000000000000000000
0.24752689870646782000000000000000000000000 -0.70718790052580383000000000000000000000000 / -1.1650724652478996000000000000000000000000
0.10537590197110534000000000000000000000000 -0.5650369473357858000000000000000000000000 / -1.3072231520412696000000000000000000000000
0.23095504381861046000000000000000000000000 -0.69061634497188862000000000000000000000000 / -1.1816421895717439000000000000000000000000
-0.013998637474893999000000000000000000000000 -0.44566238806160907000000000000000000000000 / -1.4265978326179629000000000000000000000000
-1.4891386507227802000000000000000000000000 -1.6546236380289594000000000000000000000000 / 0.037975706053192781000000000000000000000000
0.28267287664969704000000000000000000000000 -0.74233391525196224000000000000000000000000 / -1.1299262254954114000000000000000000000000
0.28653845967688113000000000000000000000000 -0.74619948973064243000000000000000000000000 / -1.1260607033137713000000000000000000000000
0.32335153241975856000000000000000000000000 -0.78301304253740278000000000000000000000000 / -1.0892442136290335000000000000000000000000
0.0083300212260178849000000000000000000000000 -0.46799106005222679000000000000000000000000 / -1.4042690793251298000000000000000000000000
0.13999307061459759000000000000000000000000 -0.59965409287279836000000000000000000000000 / -1.27260614786239000000000000000000000000
-0.15764485070868045000000000000000000000000 -0.30201616484938953000000000000000000000000 / -1.5702441168750818000000000000000000000000
-0.014588627049500794000000000000000000000000 -0.44507239222814426000000000000000000000000 / -1.4271878667411428000000000000000000000000
0.35189631453255082000000000000000000000000 -0.81155757554952923000000000000000000000000 / -1.0607012045352009000000000000000000000000
0.081663702893241194000000000000000000000000 -0.54132476336373636000000000000000000000000 / -1.3309352436007249000000000000000000000000
0.38755025190865028000000000000000000000000 -0.84721179615922726000000000000000000000000 / -1.0250452511928758000000000000000000000000
-0.1078300329441866000000000000000000000000 -0.35183099823221059000000000000000000000000 / -1.5204291879442733000000000000000000000000
0.35523356860980398000000000000000000000000 -0.81489458366906209000000000000000000000000 / -1.0573657011069824000000000000000000000000
0.54203188191712981000000000000000000000000 -1.0016965759601697000000000000000000000000 / -0.87054120201792484000000000000000000000000
-0.21180597028712253000000000000000000000000 -1.955360848321386000000000000000000000000 / -1.6106813428780082000000000000000000000000
-1.6135185495841722000000000000000000000000 -2.6199142137115405000000000000000000000000 / -0.92338785162737724000000000000000000000000
-1.1055443091170767000000000000000000000000 2.0288280281673976000000000000000000000000 / 2.7730747298626195000000000000000000000000
2.294398861054896000000000000000000000000 -0.71039173899810792000000000000000000000000 / -1.7662652094280031000000000000000000000000
/
32
32
0.90620582110505576000000000000000000000000 -0.093793698448083954000000000000000000000000 -0.09379371802030799000000000000000000000000 -0.093793739167324128000000000000000000000000 -0.093793712756477715000000000000000000000000 -0.093793704660973268000000000000000000000000 -0.093794826313039648000000000000000000000000 -0.09379371192592971000000000000000000000000 -0.093793710729239657000000000000000000000000 -0.093793701213366901000000000000000000000000 -0.09379369814345502000000000000000000000000 -0.093793709041363596000000000000000000000000 -0.093793773056441473000000000000000000000000 -0.093793704079050272000000000000000000000000 -0.0067996144343220599000000000000000000000000 -0.093793707348962752000000000000000000000000 -0.093793705209565259000000000000000000000000 -0.093793825352964752000000000000000000000000 -0.093793707405008267000000000000000000000000 -0.093793703258603298000000000000000000000000 -0.093793701581789957000000000000000000000000 -0.093793702512672203000000000000000000000000 -0.093793763011713216000000000000000000000000 -0.093793712821831313000000000000000000000000 -0.0937938338952473000000000000000000000000 -0.093793705490522294000000000000000000000000 -0.093793701456954537000000000000000000000000 -0.093794622172079248000000000000000000000000 -0.0029887696589364953000000000000000000000000 -0.00033306374708647979000000000000000000000000 -0.83988017563996342000000000000000000000000 -0.54971352764067882000000000000000000000000 / -0.93156842476906865000000000000000000000000
-0.09379413373726192000000000000000000000000 0.90620634670925282000000000000000000000000 -0.093793672862957381000000000000000000000000 -0.093793694009958212000000000000000000000000 -0.09379366759913059000000000000000000000000 -0.093793659503632054000000000000000000000000 -0.093794781154896312000000000000000000000000 -0.093793666768583209000000000000000000000000 -0.093793665571894044000000000000000000000000 -0.093793656056027977000000000000000000000000 -0.093793652986118387000000000000000000000000 -0.093793663884019232000000000000000000000000 -0.093793727899051119000000000000000000000000 -0.093793658921709197000000000000000000000000 -0.0067996084803552395000000000000000000000000 -0.093793662191619637000000000000000000000000 -0.093793660052223393000000000000000000000000 -0.09379378019553726000000000000000000000000 -0.093793662247664888000000000000000000000000 -0.093793658101263208000000000000000000000000 -0.093793656424450922000000000000000000000000 -0.093793657355332558000000000000000000000000 -0.093793717854330036000000000000000000000000 -0.093793667664484173000000000000000000000000 -0.093793788737813591000000000000000000000000 -0.093793660333180498000000000000000000000000 -0.093793656299615377000000000000000000000000 -0.093794577014081837000000000000000000000000 -0.0029887672198404248000000000000000000000000 -0.0003330634532290252000000000000000000000000 -0.83987998690243193000000000000000000000000 -0.54971369376346746000000000000000000000000 / -0.93156823071973838000000000000000000000000
-0.093794135576866833000000000000000000000000 -0.093793655130338188000000000000000000000000 0.90620632529745127000000000000000000000000 -0.09379369584955044000000000000000000000000 -0.09379366943872193000000000000000000000000 -0.0937936613432232000000000000000000000000 -0.09379478299452014000000000000000000000000 -0.093793668608174535000000000000000000000000 -0.093793667411485454000000000000000000000000 -0.093793657895619012000000000000000000000000 -0.093793654825709394000000000000000000000000 -0.093793665723610586000000000000000000000000 -0.093793729738644263000000000000000000000000 -0.093793660761300315000000000000000000000000 -0.0067996087229038179000000000000000000000000 -0.093793664031210672000000000000000000000000 -0.093793661891814525000000000000000000000000 -0.093793782035131945000000000000000000000000 -0.093793664087256146000000000000000000000000 -0.093793659940854229000000000000000000000000 -0.09379365826404204000000000000000000000000 -0.093793659194923606000000000000000000000000 -0.093793719693923125000000000000000000000000 -0.093793669504075527000000000000000000000000 -0.093793790577408415000000000000000000000000 -0.093793662172771589000000000000000000000000 -0.093793658139206593000000000000000000000000 -0.093794578853699809000000000000000000000000 -0.0029887673192026572000000000000000000000000 -0.00033306346519998648000000000000000000000000 -0.83987999459108242000000000000000000000000 -0.54971368699608014000000000000000000000000 / -0.93156823862478499000000000000000000000000
-0.093794137564488358000000000000000000000000 -0.093793657117944337000000000000000000000000 -0.093793676690155744000000000000000000000000 0.90620630216284237000000000000000000000000 -0.09379367142632869000000000000000000000000 -0.093793663330829724000000000000000000000000 -0.093794784982161511000000000000000000000000 -0.093793670595781212000000000000000000000000 -0.093793669399092075000000000000000000000000 -0.093793659883225647000000000000000000000000 -0.09379365681331582000000000000000000000000 -0.093793667711216958000000000000000000000000 -0.093793731726252813000000000000000000000000 -0.093793662748906867000000000000000000000000 -0.0067996089849681378000000000000000000000000 -0.093793666018817362000000000000000000000000 -0.093793663879421063000000000000000000000000 -0.093793784022742271000000000000000000000000 -0.093793666074862864000000000000000000000000 -0.093793661928460545000000000000000000000000 -0.093793660251648439000000000000000000000000 -0.093793661182530033000000000000000000000000 -0.093793721681531383000000000000000000000000 -0.093793671491682162000000000000000000000000 -0.093793792565019074000000000000000000000000 -0.093793664160378015000000000000000000000000 -0.093793660126812631000000000000000000000000 -0.093794580841335018000000000000000000000000 -0.0029887674265596806000000000000000000000000 -0.00033306347813414472000000000000000000000000 -0.83988000289836873000000000000000000000000 -0.54971367968418139000000000000000000000000 / -0.93156824716588249000000000000000000000000
-0.093794135082116495000000000000000000000000 -0.093793654635591278000000000000000000000000 -0.09379367420780188000000000000000000000000 -0.093793695354803266000000000000000000000000 0.90620633105602544000000000000000000000000 -0.093793660848476471000000000000000000000000 -0.093794782499764293000000000000000000000000 -0.093793668113427639000000000000000000000000 -0.09379366691673853000000000000000000000000 -0.093793657400872379000000000000000000000000 -0.093793654330962567000000000000000000000000 -0.093793665228863399000000000000000000000000 -0.093793729243896895000000000000000000000000 -0.093793660266553461000000000000000000000000 -0.006799608657671841000000000000000000000000 -0.093793663536463887000000000000000000000000 -0.093793661397067754000000000000000000000000 -0.093793781540383994000000000000000000000000 -0.093793663592509458000000000000000000000000 -0.093793659446107416000000000000000000000000 -0.093793657769295061000000000000000000000000 -0.093793658700176558000000000000000000000000 -0.09379371919917566000000000000000000000000 -0.093793669009328479000000000000000000000000 -0.093793790082660658000000000000000000000000 -0.09379366167802472000000000000000000000000 -0.093793657644459572000000000000000000000000 -0.093794578358945557000000000000000000000000 -0.0029887672924797837000000000000000000000000 -0.00033306346198046894000000000000000000000000 -0.83987999252326606000000000000000000000000 -0.54971368881612859000000000000000000000000 / -0.93156823649877019000000000000000000000000
-0.093794134321215167000000000000000000000000 -0.093793653874695945000000000000000000000000 -0.093793673446906201000000000000000000000000 -0.093793694593907379000000000000000000000000 -0.09379366818307934000000000000000000000000 0.90620633991241917000000000000000000000000 -0.093794781738855276000000000000000000000000 -0.093793667352532015000000000000000000000000 -0.093793666155842989000000000000000000000000 -0.093793656639976811000000000000000000000000 -0.093793653570067304000000000000000000000000 -0.093793664467967927000000000000000000000000 -0.093793728483000618000000000000000000000000 -0.093793659505657934000000000000000000000000 -0.0067996085573483918000000000000000000000000 -0.093793662775568401000000000000000000000000 -0.093793660636172199000000000000000000000000 -0.093793780779487246000000000000000000000000 -0.093793662831613778000000000000000000000000 -0.09379365868521182000000000000000000000000 -0.093793657008399547000000000000000000000000 -0.09379365793928128000000000000000000000000 -0.093793718438279328000000000000000000000000 -0.093793668248432868000000000000000000000000 -0.093793789321763757000000000000000000000000 -0.093793660917129318000000000000000000000000 -0.093793656883564225000000000000000000000000 -0.093794577598038983000000000000000000000000 -0.002988767251381373000000000000000000000000 -0.00033306345702901503000000000000000000000000 -0.83987998934306984000000000000000000000000 -0.54971369161526995000000000000000000000000 / -0.93156823322906845000000000000000000000000
-0.093794239747061206000000000000000000000000 -0.093793759299739626000000000000000000000000 -0.093793778871982814000000000000000000000000 -0.09379380001901895000000000000000000000000 -0.093793773608147044000000000000000000000000 -0.093793765512634852000000000000000000000000 0.90620511283421734000000000000000000000000 -0.0937937727775984000000000000000000000000 -0.09379377158090732000000000000000000000000 -0.093793762065025293000000000000000000000000 -0.093793758995110277000000000000000000000000 -0.093793769893029538000000000000000000000000 -0.093793833908168894000000000000000000000000 -0.093793764930711218000000000000000000000000 -0.0067996224576029208000000000000000000000000 -0.093793768200627042000000000000000000000000 -0.093793766061227302000000000000000000000000 -0.093793886204742841000000000000000000000000 -0.093793768256672461000000000000000000000000 -0.093793764110263689000000000000000000000000 -0.093793762433448516000000000000000000000000 -0.093793763364332025000000000000000000000000 -0.093793823863430908000000000000000000000000 -0.093793773673500627000000000000000000000000 -0.093793894747033646000000000000000000000000 -0.093793766342184781000000000000000000000000 -0.093793762308613096000000000000000000000000 -0.093794683024625403000000000000000000000000 -0.0029887729457436876000000000000000000000000 -0.00033306414307476644000000000000000000000000 -0.83988042997438039000000000000000000000000 -0.54971330378092331000000000000000000000000 / -0.9315686862606336000000000000000000000000
-0.093794135004052592000000000000000000000000 -0.093793654557528222000000000000000000000000 -0.093793674129738588000000000000000000000000 -0.093793695276740141000000000000000000000000 -0.093793668865911839000000000000000000000000 -0.093793660770413415000000000000000000000000 -0.093794782421699849000000000000000000000000 0.90620633196463707000000000000000000000000 -0.093793666838675557000000000000000000000000 -0.093793657322809296000000000000000000000000 -0.093793654252899566000000000000000000000000 -0.093793665150800232000000000000000000000000 -0.093793729165833686000000000000000000000000 -0.09379366018849021000000000000000000000000 -0.0067996086473792869000000000000000000000000 -0.093793663458400747000000000000000000000000 -0.093793661319004795000000000000000000000000 -0.093793781462320924000000000000000000000000 -0.093793663514446193000000000000000000000000 -0.093793659368044249000000000000000000000000 -0.093793657691231797000000000000000000000000 -0.093793658622113696000000000000000000000000 -0.093793719121112548000000000000000000000000 -0.093793668931265214000000000000000000000000 -0.093793790004597616000000000000000000000000 -0.093793661599961706000000000000000000000000 -0.093793657566396696000000000000000000000000 -0.093794578280881474000000000000000000000000 -0.0029887672882633457000000000000000000000000 -0.00033306346147248043000000000000000000000000 -0.8398799921969976000000000000000000000000 -0.54971368910330243000000000000000000000000 / -0.93156823616332018000000000000000000000000
-0.093794134891574968000000000000000000000000 -0.093793654445051458000000000000000000000000 -0.093793674017261935000000000000000000000000 -0.093793695164263294000000000000000000000000 -0.093793668753435047000000000000000000000000 -0.093793660657936415000000000000000000000000 -0.093794782309220934000000000000000000000000 -0.093793667922887722000000000000000000000000 0.90620633327380096000000000000000000000000 -0.093793657210332559000000000000000000000000 -0.093793654140422705000000000000000000000000 -0.093793665038323454000000000000000000000000 -0.093793729053357131000000000000000000000000 -0.093793660076013585000000000000000000000000 -0.0067996086325493119000000000000000000000000 -0.093793663345923983000000000000000000000000 -0.093793661206528059000000000000000000000000 -0.093793781349843799000000000000000000000000 -0.093793663401969471000000000000000000000000 -0.09379365925556743000000000000000000000000 -0.09379365757875506000000000000000000000000 -0.093793658509636876000000000000000000000000 -0.093793719008635673000000000000000000000000 -0.093793668818788548000000000000000000000000 -0.093793789892120533000000000000000000000000 -0.093793661487484969000000000000000000000000 -0.093793657453920071000000000000000000000000 -0.09379457816840292000000000000000000000000 -0.0029887672821881169000000000000000000000000 -0.0003330634607405491000000000000000000000000 -0.8398799917268972000000000000000000000000 -0.54971368951707622000000000000000000000000 / -0.93156823567998637000000000000000000000000
-0.09379413399717243000000000000000000000000 -0.093793653550655914000000000000000000000000 -0.093793673122865948000000000000000000000000 -0.093793694269867001000000000000000000000000 -0.093793667859039198000000000000000000000000 -0.093793659763540732000000000000000000000000 -0.09379478141480932000000000000000000000000 -0.093793667028491831000000000000000000000000 -0.09379366583180275000000000000000000000000 0.90620634368406372000000000000000000000000 -0.093793653246027189000000000000000000000000 -0.093793664143927813000000000000000000000000 -0.093793728158960143000000000000000000000000 -0.09379365918161793000000000000000000000000 -0.006799608514623968000000000000000000000000 -0.093793662451528204000000000000000000000000 -0.093793660312132016000000000000000000000000 -0.093793780455446354000000000000000000000000 -0.093793662507573594000000000000000000000000 -0.093793658361171789000000000000000000000000 -0.093793656684359544000000000000000000000000 -0.093793657615241194000000000000000000000000 -0.093793718114239144000000000000000000000000 -0.093793667924392754000000000000000000000000 -0.093793788997722671000000000000000000000000 -0.093793660593089134000000000000000000000000 -0.093793656559524152000000000000000000000000 -0.09379457727399422000000000000000000000000 -0.0029887672338789265000000000000000000000000 -0.00033306345492035565000000000000000000000000 -0.8398799879887312000000000000000000000000 -0.5497136928073294000000000000000000000000 / -0.93156823183661119000000000000000000000000
-0.093794133708629726000000000000000000000000 -0.093793653262115084000000000000000000000000 -0.093793672834325381000000000000000000000000 -0.093793693981326143000000000000000000000000 -0.093793667570498437000000000000000000000000 -0.093793659474999985000000000000000000000000 -0.093794781126263507000000000000000000000000 -0.093793666739951223000000000000000000000000 -0.093793665543262142000000000000000000000000 -0.093793656027395977000000000000000000000000 0.90620634704251313000000000000000000000000 -0.093793663855387219000000000000000000000000 -0.093793727870419133000000000000000000000000 -0.093793658893077281000000000000000000000000 -0.0067996084765801152000000000000000000000000 -0.093793662162987596000000000000000000000000 -0.093793660023591491000000000000000000000000 -0.093793780166905358000000000000000000000000 -0.093793662219032861000000000000000000000000 -0.093793658072631153000000000000000000000000 -0.093793656395818825000000000000000000000000 -0.093793657326700447000000000000000000000000 -0.09379371782569812000000000000000000000000 -0.093793667635852285000000000000000000000000 -0.093793788709181564000000000000000000000000 -0.093793660304548485000000000000000000000000 -0.093793656270983197000000000000000000000000 -0.093794576985449685000000000000000000000000 -0.0029887672182939192000000000000000000000000 -0.000333063453042705000000000000000000000000 -0.83987998678276343000000000000000000000000 -0.54971369386879709000000000000000000000000 / -0.93156823059670146000000000000000000000000
-0.09379413473293044000000000000000000000000 -0.093793654286408318000000000000000000000000 -0.093793673858618656000000000000000000000000 -0.093793695005619807000000000000000000000000 -0.093793668594791851000000000000000000000000 -0.093793660499292983000000000000000000000000 -0.093794782150574713000000000000000000000000 -0.093793667764244526000000000000000000000000 -0.093793666567555348000000000000000000000000 -0.093793657051689155000000000000000000000000 -0.093793653981779482000000000000000000000000 0.90620633512032023000000000000000000000000 -0.093793728894713158000000000000000000000000 -0.093793659917370431000000000000000000000000 -0.0067996086116323363000000000000000000000000 -0.093793663187280704000000000000000000000000 -0.093793661047884461000000000000000000000000 -0.093793781191200076000000000000000000000000 -0.093793663243326109000000000000000000000000 -0.093793659096924206000000000000000000000000 -0.093793657420111753000000000000000000000000 -0.093793658350993472000000000000000000000000 -0.093793718849992089000000000000000000000000 -0.093793668660145366000000000000000000000000 -0.093793789733476934000000000000000000000000 -0.093793661328841552000000000000000000000000 -0.093793657295276417000000000000000000000000 -0.09379457800975749000000000000000000000000 -0.0029887672736192824000000000000000000000000 -0.00033306345970819315000000000000000000000000 -0.83987999106384048000000000000000000000000 -0.54971369010068405000000000000000000000000 / -0.9315682349982688000000000000000000000000
-0.093794140749749261000000000000000000000000 -0.093793660303181273000000000000000000000000 -0.09379367987539361000000000000000000000000 -0.093793701022396606000000000000000000000000 -0.093793674611566138000000000000000000000000 -0.093793666516066868000000000000000000000000 -0.093794788167455401000000000000000000000000 -0.093793673781018758000000000000000000000000 -0.093793672584329399000000000000000000000000 -0.093793663068462541000000000000000000000000 -0.093793659998552492000000000000000000000000 -0.093793670896454531000000000000000000000000 0.90620626508850521000000000000000000000000 -0.09379366593414401000000000000000000000000 -0.0067996094049391576000000000000000000000000 -0.093793669204054742000000000000000000000000 -0.093793667064658165000000000000000000000000 -0.093793787207985466000000000000000000000000 -0.093793669260100021000000000000000000000000 -0.093793665113697633000000000000000000000000 -0.093793663436885319000000000000000000000000 -0.093793664367767052000000000000000000000000 -0.093793724866771386000000000000000000000000 -0.093793674676919472000000000000000000000000 -0.093793795750262782000000000000000000000000 -0.0937936673456152000000000000000000000000 -0.093793663312049733000000000000000000000000 -0.093794584026618319000000000000000000000000 -0.0029887675986046284000000000000000000000000 -0.00033306349886177327000000000000000000000000 -0.839880016211211000000000000000000000000 -0.54971366796649845000000000000000000000000 / -0.93156826085341227000000000000000000000000
-0.093794134266519766000000000000000000000000 -0.093793653820000975000000000000000000000000 -0.093793673392211285000000000000000000000000 -0.093793694539212366000000000000000000000000 -0.093793668128384369000000000000000000000000 -0.093793660032886014000000000000000000000000 -0.093794781684159306000000000000000000000000 -0.093793667297837183000000000000000000000000 -0.093793666101148115000000000000000000000000 -0.093793656585281882000000000000000000000000 -0.093793653515372236000000000000000000000000 -0.093793664413272776000000000000000000000000 -0.093793728428305273000000000000000000000000 0.90620634054903659000000000000000000000000 -0.0067996085501369173000000000000000000000000 -0.093793662720873458000000000000000000000000 -0.093793660581477381000000000000000000000000 -0.093793780724792178000000000000000000000000 -0.093793662776918862000000000000000000000000 -0.093793658630516946000000000000000000000000 -0.093793656953704452000000000000000000000000 -0.093793657884586559000000000000000000000000 -0.093793718383584274000000000000000000000000 -0.093793668193737995000000000000000000000000 -0.09379378926706855000000000000000000000000 -0.093793660862434167000000000000000000000000 -0.093793656828869268000000000000000000000000 -0.093794577543343471000000000000000000000000 -0.0029887672484271246000000000000000000000000 -0.00033306345667309315000000000000000000000000 -0.83987998911447048000000000000000000000000 -0.54971369181647778000000000000000000000000 / -0.93156823299403524000000000000000000000000
-0.087798605505484392000000000000000000000000 -0.087798165460064928000000000000000000000000 -0.087798183386439424000000000000000000000000 -0.087798202755179619000000000000000000000000 -0.087798178565250046000000000000000000000000 -0.087798171150505755000000000000000000000000 -0.087799198480825166000000000000000000000000 -0.087798177804543895000000000000000000000000 -0.087798176708484915000000000000000000000000 -0.087798167992812245000000000000000000000000 -0.087798165181052448000000000000000000000000 -0.087798175162544081000000000000000000000000 -0.08779823379452209000000000000000000000000 -0.087798170617516824000000000000000000000000 0.99382027201330747000000000000000000000000 -0.08779817361245916000000000000000000000000 -0.087798171652965648000000000000000000000000 -0.087798281693368327000000000000000000000000 -0.087798173663791737000000000000000000000000 -0.087798169866062523000000000000000000000000 -0.087798168330254001000000000000000000000000 -0.087798169182857405000000000000000000000000 -0.087798224594466789000000000000000000000000 -0.087798178625108081000000000000000000000000 -0.087798289517319814000000000000000000000000 -0.087798171910297054000000000000000000000000 -0.087798168215916045000000000000000000000000 -0.08779901150656888000000000000000000000000 -0.0027247398863808297000000000000000000000000 -0.00030272835134490591000000000000000000000000 -0.82005725839246935000000000000000000000000 -0.56182189661695792000000000000000000000000 / -0.90759364428235034000000000000000000000000
-0.093794134573860807000000000000000000000000 -0.093793654127339629000000000000000000000000 -0.093793673699549912000000000000000000000000 -0.093793694846551354000000000000000000000000 -0.093793668435723204000000000000000000000000 -0.093793660340224738000000000000000000000000 -0.093794781991503415000000000000000000000000 -0.093793667605175837000000000000000000000000 -0.093793666408486728000000000000000000000000 -0.093793656892620578000000000000000000000000 -0.093793653822710862000000000000000000000000 -0.093793664720611764000000000000000000000000 -0.093793728735644705000000000000000000000000 -0.093793659758301742000000000000000000000000 -0.0067996085906592623000000000000000000000000 0.9062063369717871000000000000000000000000 -0.093793660888816036000000000000000000000000 -0.093793781032131526000000000000000000000000 -0.093793663084257559000000000000000000000000 -0.093793658937855601000000000000000000000000 -0.093793657261043425000000000000000000000000 -0.093793658191925172000000000000000000000000 -0.093793718690923386000000000000000000000000 -0.093793668501076649000000000000000000000000 -0.093793789574408037000000000000000000000000 -0.093793661169772988000000000000000000000000 -0.093793657136207825000000000000000000000000 -0.093794577850686428000000000000000000000000 -0.0029887672650274742000000000000000000000000 -0.00033306345867306945000000000000000000000000 -0.83987999039900674000000000000000000000000 -0.5497136906858564000000000000000000000000 / -0.93156823431472324000000000000000000000000
-0.093794134372777505000000000000000000000000 -0.093793653926257964000000000000000000000000 -0.09379367349846815000000000000000000000000 -0.0937936946454693000000000000000000000000 -0.093793668234641553000000000000000000000000 -0.093793660139142865000000000000000000000000 -0.093794781790418169000000000000000000000000 -0.093793667404094172000000000000000000000000 -0.093793666207405008000000000000000000000000 -0.093793656691538912000000000000000000000000 -0.093793653621629308000000000000000000000000 -0.093793664519530098000000000000000000000000 -0.093793728534562706000000000000000000000000 -0.093793659557220146000000000000000000000000 -0.0067996085641468095000000000000000000000000 -0.093793662827130392000000000000000000000000 0.90620633931226524000000000000000000000000 -0.093793780831049167000000000000000000000000 -0.093793662883175824000000000000000000000000 -0.093793658736773811000000000000000000000000 -0.093793657059961705000000000000000000000000 -0.093793657990843216000000000000000000000000 -0.093793718489841346000000000000000000000000 -0.093793668299994942000000000000000000000000 -0.093793789373325567000000000000000000000000 -0.093793660968691434000000000000000000000000 -0.093793656935126229000000000000000000000000 -0.093794577649602071000000000000000000000000 -0.002988767254166403000000000000000000000000 -0.00033306345736454942000000000000000000000000 -0.83987998955857679000000000000000000000000 -0.54971369142558579000000000000000000000000 / -0.93156823345063933000000000000000000000000
-0.093794145665139245000000000000000000000000 -0.093793665218533523000000000000000000000000 -0.093793684790747317000000000000000000000000 -0.0937937059377522000000000000000000000000 -0.09379367952691943000000000000000000000000 -0.093793671431419631000000000000000000000000 -0.093794793082895372000000000000000000000000 -0.093793678696372035000000000000000000000000 -0.09379367749968269000000000000000000000000 -0.093793667983814999000000000000000000000000 -0.093793664913904784000000000000000000000000 -0.093793675811807461000000000000000000000000 -0.093793739826851658000000000000000000000000 -0.09379367084949651000000000000000000000000 -0.0067996100530247454000000000000000000000000 -0.093793674119407464000000000000000000000000 -0.093793671980010943000000000000000000000000 0.90620620787665274000000000000000000000000 -0.093793674175452868000000000000000000000000 -0.093793670029050286000000000000000000000000 -0.09379366835223775000000000000000000000000 -0.093793669283119552000000000000000000000000 -0.093793729782128687000000000000000000000000 -0.093793679592273013000000000000000000000000 -0.093793800665625551000000000000000000000000 -0.093793672260968103000000000000000000000000 -0.093793668227402302000000000000000000000000 -0.093794588942042595000000000000000000000000 -0.0029887678640987542000000000000000000000000 -0.00033306353084797325000000000000000000000000 -0.83988003675515899000000000000000000000000 -0.54971364988414806000000000000000000000000 / -0.93156828197556241000000000000000000000000
-0.093794134579128566000000000000000000000000 -0.093793654132607401000000000000000000000000 -0.093793673704817684000000000000000000000000 -0.093793694851818835000000000000000000000000 -0.093793668440990824000000000000000000000000 -0.093793660345492302000000000000000000000000 -0.093794781996771256000000000000000000000000 -0.09379366761044361000000000000000000000000 -0.093793666413754445000000000000000000000000 -0.09379365689788853000000000000000000000000 -0.093793653827978635000000000000000000000000 -0.093793664725879591000000000000000000000000 -0.093793728740912255000000000000000000000000 -0.09379365976356964000000000000000000000000 -0.0067996085913538075000000000000000000000000 -0.093793663033479635000000000000000000000000 -0.093793660894083725000000000000000000000000 -0.093793781037399243000000000000000000000000 0.90620633691047581000000000000000000000000 -0.093793658943123442000000000000000000000000 -0.09379365726631142000000000000000000000000 -0.093793658197192736000000000000000000000000 -0.093793718696191186000000000000000000000000 -0.093793668506344269000000000000000000000000 -0.093793789579675449000000000000000000000000 -0.093793661175040899000000000000000000000000 -0.093793657141475528000000000000000000000000 -0.093794577855954478000000000000000000000000 -0.0029887672653120035000000000000000000000000 -0.00033306345870734905000000000000000000000000 -0.83987999042102246000000000000000000000000 -0.54971369066647979000000000000000000000000 / -0.9315682343373588000000000000000000000000
-0.093794134189405728000000000000000000000000 -0.093793653742887201000000000000000000000000 -0.093793673315097414000000000000000000000000 -0.093793694462098495000000000000000000000000 -0.093793668051270748000000000000000000000000 -0.093793659955772352000000000000000000000000 -0.093794781607044381000000000000000000000000 -0.09379366722072334000000000000000000000000 -0.093793666024034467000000000000000000000000 -0.093793656508168136000000000000000000000000 -0.093793653438258601000000000000000000000000 -0.093793664336159377000000000000000000000000 -0.093793728351191721000000000000000000000000 -0.093793659373849356000000000000000000000000 -0.0067996085399695339000000000000000000000000 -0.093793662643760017000000000000000000000000 -0.093793660504363857000000000000000000000000 -0.09379378064767839000000000000000000000000 -0.093793662699805047000000000000000000000000 0.90620634144659673000000000000000000000000 -0.09379365687659072000000000000000000000000 -0.093793657807472661000000000000000000000000 -0.093793718306470708000000000000000000000000 -0.093793668116624249000000000000000000000000 -0.093793789189954777000000000000000000000000 -0.093793660785320712000000000000000000000000 -0.093793656751755286000000000000000000000000 -0.093794577466228476000000000000000000000000 -0.0029887672442619677000000000000000000000000 -0.00033306345617128318000000000000000000000000 -0.83987998879217052000000000000000000000000 -0.54971369210015919000000000000000000000000 / -0.93156823266266386000000000000000000000000
-0.093794134031800869000000000000000000000000 -0.093793653585283729000000000000000000000000 -0.093793673157493943000000000000000000000000 -0.093793694304494968000000000000000000000000 -0.093793667893667429000000000000000000000000 -0.093793659798168699000000000000000000000000 -0.09379478144943805000000000000000000000000 -0.093793667063120076000000000000000000000000 -0.093793665866430995000000000000000000000000 -0.093793656350564941000000000000000000000000 -0.093793653280655059000000000000000000000000 -0.093793664178555947000000000000000000000000 -0.093793728193588208000000000000000000000000 -0.0937936592162458000000000000000000000000 -0.0067996085191896474000000000000000000000000 -0.093793662486156323000000000000000000000000 -0.093793660346760135000000000000000000000000 -0.093793780490074502000000000000000000000000 -0.0937936625422017000000000000000000000000 -0.09379365839579977000000000000000000000000 0.90620634328101235000000000000000000000000 -0.0937936576498693000000000000000000000000 -0.093793718148867042000000000000000000000000 -0.093793667959020735000000000000000000000000 -0.093793789032351055000000000000000000000000 -0.093793660627717254000000000000000000000000 -0.093793656594152119000000000000000000000000 -0.093794577308622964000000000000000000000000 -0.0029887672357492966000000000000000000000000 -0.00033306345514569406000000000000000000000000 -0.83987998813345988000000000000000000000000 -0.54971369267994297000000000000000000000000 / -0.93156823198541383000000000000000000000000
-0.093794134119295061000000000000000000000000 -0.093793653672777505000000000000000000000000 -0.093793673244987635000000000000000000000000 -0.093793694391988675000000000000000000000000 -0.093793667981160858000000000000000000000000 -0.093793659885662295000000000000000000000000 -0.093794781536933131000000000000000000000000 -0.093793667150613685000000000000000000000000 -0.093793665953924563000000000000000000000000 -0.093793656438058287000000000000000000000000 -0.093793653368148711000000000000000000000000 -0.093793664266049251000000000000000000000000 -0.093793728281081859000000000000000000000000 -0.093793659303739466000000000000000000000000 -0.0067996085307256027000000000000000000000000 -0.093793662573649697000000000000000000000000 -0.093793660434253676000000000000000000000000 -0.09379378057756807000000000000000000000000 -0.093793662629695115000000000000000000000000 -0.093793658483293338000000000000000000000000 -0.093793656806480968000000000000000000000000 0.90620634226263708000000000000000000000000 -0.093793718236360804000000000000000000000000 -0.093793668046514331000000000000000000000000 -0.093793789119844678000000000000000000000000 -0.093793660715210697000000000000000000000000 -0.093793656681645562000000000000000000000000 -0.093794577396117476000000000000000000000000 -0.0029887672404751019000000000000000000000000 -0.00033306345571504961000000000000000000000000 -0.83987998849914358000000000000000000000000 -0.54971369235807666000000000000000000000000 / -0.93156823236138797000000000000000000000000
-0.093794139805638249000000000000000000000000 -0.093793659359077436000000000000000000000000 -0.09379367893128944000000000000000000000000 -0.093793700078292186000000000000000000000000 -0.093793673667462177000000000000000000000000 -0.093793665571962795000000000000000000000000 -0.093794787223334619000000000000000000000000 -0.093793672836914782000000000000000000000000 -0.093793671640225604000000000000000000000000 -0.093793662124358676000000000000000000000000 -0.093793659054448655000000000000000000000000 -0.093793669952350348000000000000000000000000 -0.09379373396738841000000000000000000000000 -0.093793664990039882000000000000000000000000 -0.006799609280459762000000000000000000000000 -0.093793668259950669000000000000000000000000 -0.093793666120554217000000000000000000000000 -0.093793786263879589000000000000000000000000 -0.093793668315995921000000000000000000000000 -0.093793664169593643000000000000000000000000 -0.093793662492781371000000000000000000000000 -0.093793663423662937000000000000000000000000 0.90620627607733284000000000000000000000000 -0.093793673732815677000000000000000000000000 -0.093793794806156933000000000000000000000000 -0.093793666401511169000000000000000000000000 -0.093793662367945771000000000000000000000000 -0.09379458308250066000000000000000000000000 -0.0029887675476105192000000000000000000000000 -0.00033306349271810534000000000000000000000000 -0.8398800122652863000000000000000000000000 -0.54971367143961791000000000000000000000000 / -0.93156825679642974000000000000000000000000
-0.093794135088259054000000000000000000000000 -0.09379365464173367000000000000000000000000 -0.093793674213944411000000000000000000000000 -0.093793695360945673000000000000000000000000 -0.09379366895011744000000000000000000000000 -0.093793660854618766000000000000000000000000 -0.093794782505906907000000000000000000000000 -0.093793668119570239000000000000000000000000 -0.093793666922881089000000000000000000000000 -0.093793657407014688000000000000000000000000 -0.093793654337105278000000000000000000000000 -0.093793665235006138000000000000000000000000 -0.093793729250039287000000000000000000000000 -0.09379366027269595000000000000000000000000 -0.0067996086584817313000000000000000000000000 -0.093793663542606362000000000000000000000000 -0.093793661403210354000000000000000000000000 -0.093793781546526719000000000000000000000000 -0.093793663598651975000000000000000000000000 -0.093793659452249892000000000000000000000000 -0.093793657775437564000000000000000000000000 -0.093793658706319186000000000000000000000000 -0.093793719205318163000000000000000000000000 0.90620633098452796000000000000000000000000 -0.093793790088803231000000000000000000000000 -0.09379366168416739000000000000000000000000 -0.093793657650602061000000000000000000000000 -0.093794578365088394000000000000000000000000 -0.0029887672928115634000000000000000000000000 -0.00033306346202044082000000000000000000000000 -0.83987999254893941000000000000000000000000 -0.54971368879353188000000000000000000000000 / -0.93156823652516574000000000000000000000000
-0.093794146468034897000000000000000000000000 -0.093793666021423361000000000000000000000000 -0.093793685593637516000000000000000000000000 -0.093793706740642732000000000000000000000000 -0.093793680329809517000000000000000000000000 -0.093793672234309539000000000000000000000000 -0.093794793885799616000000000000000000000000 -0.093793679499262012000000000000000000000000 -0.093793678302572708000000000000000000000000 -0.093793668786704781000000000000000000000000 -0.093793665716794747000000000000000000000000 -0.093793676614697563000000000000000000000000 -0.093793740629742453000000000000000000000000 -0.093793671652386668000000000000000000000000 -0.0067996101588852003000000000000000000000000 -0.093793674922297593000000000000000000000000 -0.093793672782900891000000000000000000000000 -0.093793792926238934000000000000000000000000 -0.093793674978342886000000000000000000000000 -0.093793670831940124000000000000000000000000 -0.093793669155127629000000000000000000000000 -0.093793670086009459000000000000000000000000 -0.093793730585019247000000000000000000000000 -0.09379368039516324000000000000000000000000 0.90620619853148177000000000000000000000000 -0.093793673063858191000000000000000000000000 -0.093793669030292293000000000000000000000000 -0.093794589744944257000000000000000000000000 -0.0029887679074654503000000000000000000000000 -0.00033306353607270612000000000000000000000000 -0.83988004011087714000000000000000000000000 -0.54971364693051716000000000000000000000000 / -0.93156828542572401000000000000000000000000
-0.093794134399184881000000000000000000000000 -0.093793653952665132000000000000000000000000 -0.093793673524875415000000000000000000000000 -0.093793694671876329000000000000000000000000 -0.093793668261048624000000000000000000000000 -0.093793660165550047000000000000000000000000 -0.093794781816825795000000000000000000000000 -0.09379366743050109000000000000000000000000 -0.093793666233812176000000000000000000000000 -0.09379365671794597000000000000000000000000 -0.093793653648036407000000000000000000000000 -0.093793664545937322000000000000000000000000 -0.093793728560969902000000000000000000000000 -0.093793659583627037000000000000000000000000 -0.0067996085676285669000000000000000000000000 -0.09379366285353756000000000000000000000000 -0.093793660714141414000000000000000000000000 -0.09379378085745646000000000000000000000000 -0.093793662909582937000000000000000000000000 -0.093793658763181062000000000000000000000000 -0.093793657086368873000000000000000000000000 -0.093793658017250536000000000000000000000000 -0.093793718516248847000000000000000000000000 -0.093793668326402124000000000000000000000000 -0.093793789399732944000000000000000000000000 0.90620633900490033000000000000000000000000 -0.093793656961533287000000000000000000000000 -0.09379457767600935000000000000000000000000 -0.0029887672555927369000000000000000000000000 -0.00033306345753639173000000000000000000000000 -0.83987998966894628000000000000000000000000 -0.54971369132844061000000000000000000000000 / -0.93156823356411556000000000000000000000000
-0.09379413402006756000000000000000000000000 -0.093793653573550559000000000000000000000000 -0.093793673145760648000000000000000000000000 -0.093793694292761562000000000000000000000000 -0.093793667881934134000000000000000000000000 -0.093793659786435404000000000000000000000000 -0.093794781437704602000000000000000000000000 -0.093793667051386559000000000000000000000000 -0.093793665854697686000000000000000000000000 -0.093793656338831466000000000000000000000000 -0.093793653268922028000000000000000000000000 -0.093793664166822666000000000000000000000000 -0.093793728181854955000000000000000000000000 -0.093793659204512797000000000000000000000000 -0.0067996085176426392000000000000000000000000 -0.093793662474422973000000000000000000000000 -0.093793660335026882000000000000000000000000 -0.093793780478341304000000000000000000000000 -0.093793662530468475000000000000000000000000 -0.093793658384066461000000000000000000000000 -0.093793656707254119000000000000000000000000 -0.093793657638135935000000000000000000000000 -0.093793718137133941000000000000000000000000 -0.093793667947287634000000000000000000000000 -0.093793789020617649000000000000000000000000 -0.093793660615984015000000000000000000000000 0.90620634341758188000000000000000000000000 -0.093794577296889517000000000000000000000000 -0.0029887672351155497000000000000000000000000 -0.00033306345506934118000000000000000000000000 -0.8398799880844221000000000000000000000000 -0.54971369272310711000000000000000000000000 / -0.93156823193499205000000000000000000000000
-0.093794220559364885000000000000000000000000 -0.093793740112189772000000000000000000000000 -0.093793759684426561000000000000000000000000 -0.093793780831456716000000000000000000000000 -0.093793754420592693000000000000000000000000 -0.093793746325083124000000000000000000000000 -0.093794867977889523000000000000000000000000 -0.093793753590044132000000000000000000000000 -0.093793752393353316000000000000000000000000 -0.093793742877474398000000000000000000000000 -0.093793739807560533000000000000000000000000 -0.093793750705476117000000000000000000000000 -0.093793814720596308000000000000000000000000 -0.093793745743159421000000000000000000000000 -0.006799619927724136000000000000000000000000 -0.093793749013074301000000000000000000000000 -0.093793746873675213000000000000000000000000 -0.093793867017154225000000000000000000000000 -0.093793749069119636000000000000000000000000 -0.093793744922712127000000000000000000000000 -0.093793743245897648000000000000000000000000 -0.093793744176780589000000000000000000000000 -0.093793804675861472000000000000000000000000 -0.093793754485946235000000000000000000000000 -0.093793875559442311000000000000000000000000 -0.093793747154632734000000000000000000000000 -0.093793743121062007000000000000000000000000 0.9062053361632052000000000000000000000000 -0.0029887719093569581000000000000000000000000 -0.00033306401821282707000000000000000000000000 -0.83988034977825976000000000000000000000000 -0.54971337436784207000000000000000000000000 / -0.93156860380783935000000000000000000000000
-0.93704681949082114000000000000000000000000 -0.93704163454090139000000000000000000000000 -0.93704184576231253000000000000000000000000 -0.93704207397878536000000000000000000000000 -0.93704178895559465000000000000000000000000 -0.93704170158975253000000000000000000000000 -0.93705380643998037000000000000000000000000 -0.93704177999240856000000000000000000000000 -0.93704176707785314000000000000000000000000 -0.93704166438354564000000000000000000000000 -0.93704163125337914000000000000000000000000 -0.93704174886246894000000000000000000000000 -0.93704243970687284000000000000000000000000 -0.93704169530969794000000000000000000000000 -0.063706291755021724000000000000000000000000 -0.9370417305982548000000000000000000000000 -0.93704170751009774000000000000000000000000 -0.9370430040862725000000000000000000000000 -0.93704173120309198000000000000000000000000 -0.93704168645552166000000000000000000000000 -0.9370416683595274000000000000000000000000 -0.93704167840551178000000000000000000000000 -0.93704233130511461000000000000000000000000 -0.93704178966088469000000000000000000000000 -0.93704309627385951000000000000000000000000 -0.93704171054216012000000000000000000000000 -0.93704166701231506000000000000000000000000 -0.93705160333956317000000000000000000000000 0.96766057015140372000000000000000000000000 -0.0029656199791855322000000000000000000000000 -0.43371065723963048000000000000000000000000 2.4714240021645302000000000000000000000000 / -0.56541296547136077000000000000000000000000
0.063080652784055391000000000000000000000000 0.063081542243918279000000000000000000000000 0.063081506009970006000000000000000000000000 0.063081466860574351000000000000000000000000 0.063081515754873502000000000000000000000000 0.063081530742035305000000000000000000000000 0.063079454170106991000000000000000000000000 0.063081517292462558000000000000000000000000 0.06308151950788847000000000000000000000000 0.06308153712456803000000000000000000000000 0.063081542807876034000000000000000000000000 0.063081522632644327000000000000000000000000 0.063081404121676413000000000000000000000000 0.063081531819346615000000000000000000000000 -0.039540089465433324000000000000000000000000 0.063081525765776289000000000000000000000000 0.063081529726430857000000000000000000000000 0.063081307304930959000000000000000000000000 0.063081525662019688000000000000000000000000 0.063081533338234574000000000000000000000000 0.063081536442508815000000000000000000000000 0.063081534719172161000000000000000000000000 0.063081422717486402000000000000000000000000 0.063081515633885019000000000000000000000000 0.06308129149054556000000000000000000000000 0.063081529206296255000000000000000000000000 0.063081536673616101000000000000000000000000 0.063079832116277504000000000000000000000000 -0.01142463614102246000000000000000000000000 0.99782478512439865000000000000000000000000 -0.57140015694239588000000000000000000000000 0.61455957759395963000000000000000000000000 / -0.47966576724707555000000000000000000000000
0.092959901135664685000000000000000000000000 0.09295882424261559000000000000000000000000 0.092958868112236276000000000000000000000000 0.09295891551166513000000000000000000000000 0.092958856313765811000000000000000000000000 0.092958838168321511000000000000000000000000 0.092961352313553014000000000000000000000000 0.092958854452156986000000000000000000000000 0.092958851769869108000000000000000000000000 0.092958830440780904000000000000000000000000 0.092958823559813553000000000000000000000000 0.092958847986625348000000000000000000000000 0.092958991471617888000000000000000000000000 0.092958836863985608000000000000000000000000 0.049696206159615695000000000000000000000000 0.09295884419324052000000000000000000000000 0.092958839397946802000000000000000000000000 0.092959108690589931000000000000000000000000 0.092958844318862033000000000000000000000000 0.092958835025018199000000000000000000000000 0.092958831266572173000000000000000000000000 0.09295883335307209000000000000000000000000 0.092958968957091992000000000000000000000000 0.092958856460251066000000000000000000000000 0.092959127837534503000000000000000000000000 0.092958840027690864000000000000000000000000 0.0929588309867629000000000000000000000000 0.09296089473111184000000000000000000000000 0.017393386011797726000000000000000000000000 0.0026609321641285432000000000000000000000000 0.61342077406270756000000000000000000000000 -1.1347700162987637000000000000000000000000 / -0.43231714043009617000000000000000000000000
0.079590119992664216000000000000000000000000 0.079589538180998995000000000000000000000000 0.079589561882448256000000000000000000000000 0.079589587490941666000000000000000000000000 0.079589555508086815000000000000000000000000 0.079589545704643813000000000000000000000000 0.079590904013556368000000000000000000000000 0.079589554502315057000000000000000000000000 0.079589553053155015000000000000000000000000 0.079589541529683561000000000000000000000000 0.079589537812101666000000000000000000000000 0.079589551009181123000000000000000000000000 0.07958962852981849000000000000000000000000 0.079589544999950038000000000000000000000000 0.014893811033278618000000000000000000000000 0.079589548959728224000000000000000000000000 0.079589546368974001000000000000000000000000 0.079589691859669617000000000000000000000000 0.079589549027597822000000000000000000000000 0.07958954400641069000000000000000000000000 0.079589541975834052000000000000000000000000 0.079589543103107882000000000000000000000000 0.079589616365899313000000000000000000000000 0.079589555587228189000000000000000000000000 0.079589702204178714000000000000000000000000 0.079589546709205886000000000000000000000000 0.079589541824661519000000000000000000000000 0.079590656798334797000000000000000000000000 0.0060099703629858262000000000000000000000000 0.00073766811353159496000000000000000000000000 0.30391979000697877000000000000000000000000 0.24139873536169548000000000000000000000000 / 0.30194639121351813000000000000000000000000
/
