3
66
2 32
2 1
/
2
1
0.73236083984375000000000000000000000000 / -0.20587158203125000000000000000000000000
0.591094970703125000000000000000000000000 / 0.1712646484375000000000000000000000000
/
32
2
-1.8462978360009425000000000000000000000000 0.55378118194214099000000000000000000000000 / 1.7043392718493375000000000000000000000000
0.45989381293969051000000000000000000000000 -0.94617481365183831000000000000000000000000 / -1.1889970933884053000000000000000000000000
0.59797055432435342000000000000000000000000 -1.1173777083454717000000000000000000000000 / -0.82569982516982776000000000000000000000000
0.56522444838343733000000000000000000000000 -1.1271434681674488000000000000000000000000 / -0.57878149076963503000000000000000000000000
0.54010459831218849000000000000000000000000 -1.0501059266287007000000000000000000000000 / -0.94702204837838988000000000000000000000000
0.088813096250890441000000000000000000000000 -0.58507684124910075000000000000000000000000 / -1.491730513671867000000000000000000000000
-1.9676861186185373000000000000000000000000 0.43471771696674721000000000000000000000000 / 2.5260305445696631000000000000000000000000
0.33428379806924352000000000000000000000000 -0.84283647403006634000000000000000000000000 / -1.1626549400680621000000000000000000000000
0.36792510755166369000000000000000000000000 -0.87440673300741656000000000000000000000000 / -1.1430581589184599000000000000000000000000
0.49864694617683725000000000000000000000000 -0.98931110616201567000000000000000000000000 / -1.1201907183544793000000000000000000000000
0.31866745382103617000000000000000000000000 -0.8044716312013237000000000000000000000000 / -1.3334967510379894000000000000000000000000
0.13006831064972776000000000000000000000000 -0.63366076021625062000000000000000000000000 / -1.4005393736003477000000000000000000000000
-0.10597491083816551000000000000000000000000 -0.54824045577560587000000000000000000000000 / -0.70233634571868786000000000000000000000000
0.032275911347119136000000000000000000000000 -0.52758412055768067000000000000000000000000 / -1.5547941139360535000000000000000000000000
-1.7231328968207411000000000000000000000000 -2.1148107929669804000000000000000000000000 / -0.18821720278685852000000000000000000000000
0.31480613077255637000000000000000000000000 -0.81553842520411701000000000000000000000000 / -1.2352639895704247000000000000000000000000
0.32795891454560999000000000000000000000000 -0.82512731948750107000000000000000000000000 / -1.2464089879393627000000000000000000000000
-0.48528735186237593000000000000000000000000 -0.36425384108484288000000000000000000000000 / 0.13815387210565594000000000000000000000000
0.040218198125742559000000000000000000000000 -0.54104462751133764000000000000000000000000 / -1.5092108236839539000000000000000000000000
0.18976712033489224000000000000000000000000 -0.6837352806087339000000000000000000000000 / -1.4064613853186225000000000000000000000000
-0.10077993423214419000000000000000000000000 -0.39047553439714011000000000000000000000000 / -1.715568402899371000000000000000000000000
0.038350018648950011000000000000000000000000 -0.53110710479618684000000000000000000000000 / -1.5661612250076402000000000000000000000000
0.085679381629467449000000000000000000000000 -0.7077796663263336000000000000000000000000 / -0.69070636240892558000000000000000000000000
0.08942993332229332000000000000000000000000 -0.59954564879205618000000000000000000000000 / -1.3969223594581028000000000000000000000000
-0.30062978232174559000000000000000000000000 -0.18100747013268281000000000000000000000000 / 0.32933910906406222000000000000000000000000
-0.06762166905833672000000000000000000000000 -0.43001150173027231000000000000000000000000 / -1.6388180553281819000000000000000000000000
0.41262306311304575000000000000000000000000 -0.90367798298745317000000000000000000000000 / -1.2035385949286284000000000000000000000000
-1.6642628814806575000000000000000000000000 0.20212932315471882000000000000000000000000 / 2.539579460494751000000000000000000000000
-0.53685613489001704000000000000000000000000 -1.8930460638953621000000000000000000000000 / -1.223316393849097000000000000000000000000
-0.83089688917399718000000000000000000000000 -2.1241020510524482000000000000000000000000 / -1.2101973493784561000000000000000000000000
-2.4745489789477233000000000000000000000000 -2.0109441920594735000000000000000000000000 / 0.10230717946636979000000000000000000000000
1.8123481620248705000000000000000000000000 0.72921856288550935000000000000000000000000 / 0.15539579148564367000000000000000000000000
/
32
32
0.78846455864692544000000000000000000000000 -0.096942535711520728000000000000000000000000 -0.11138750048123723000000000000000000000000 -0.12884392290129359000000000000000000000000 -0.10730775838866728000000000000000000000000 -0.10129816157479041000000000000000000000000 -0.20501900213531099000000000000000000000000 -0.10667590197709804000000000000000000000000 -0.105771388351863000000000000000000000000 -0.098849995284650216000000000000000000000000 -0.096735735404378367000000000000000000000000 -0.10450771826419827000000000000000000000000 -0.15492839597894215000000000000000000000000 -0.10087985593117638000000000000000000000000 -0.0013497703461094687000000000000000000000000 -0.10325536196030508000000000000000000000000 -0.10169431005990007000000000000000000000000 -0.18263208708257347000000000000000000000000 -0.10329659292258553000000000000000000000000 -0.10029351045845301000000000000000000000000 -0.099108053746176705000000000000000000000000 -0.099763978776178042000000000000000000000000 -0.1479120611991929000000000000000000000000 -0.10735761809603282000000000000000000000000 -0.18548408800581634000000000000000000000000 -0.101897861862445000000000000000000000000 -0.099020514470923984000000000000000000000000 -0.20282431992405819000000000000000000000000 -0.0027388454606855376000000000000000000000000 -0.0015096905662622651000000000000000000000000 -0.00090579664052704519000000000000000000000000 -1.0715280554800046000000000000000000000000 / -1.0872000297823581000000000000000000000000
0.020342001608015713000000000000000000000000 0.92792037224970603000000000000000000000000 -0.082478202087969493000000000000000000000000 -0.094328505499260265000000000000000000000000 -0.079582994526259304000000000000000000000000 -0.075254108208384046000000000000000000000000 0.050627246416921907000000000000000000000000 -0.079131231534966012000000000000000000000000 -0.078483050315190289000000000000000000000000 -0.073472809987144047000000000000000000000000 -0.071928357632629517000000000000000000000000 -0.077574693060904865000000000000000000000000 -0.10816098079219427000000000000000000000000 -0.074950370694659638000000000000000000000000 -0.00036331177545177165000000000000000000000000 -0.076671407131496047000000000000000000000000 -0.075541499880726087000000000000000000000000 -0.10212726911830511000000000000000000000000 -0.076701192282409625000000000000000000000000 -0.074524165084771041000000000000000000000000 -0.07366096653125008000000000000000000000000 -0.074138823255619976000000000000000000000000 -0.10529593615957462000000000000000000000000 -0.079618606319515367000000000000000000000000 -0.097808794988735751000000000000000000000000 -0.075689069620751517000000000000000000000000 -0.073597149096474232000000000000000000000000 0.046056132065835989000000000000000000000000 -0.00091155894807385133000000000000000000000000 -0.00045361168136398252000000000000000000000000 -0.00022295900470881215000000000000000000000000 -1.0873762382564927000000000000000000000000 / -1.0903957229813892000000000000000000000000
0.01700622377597848000000000000000000000000 -0.072812066581871907000000000000000000000000 0.91666092781538322000000000000000000000000 -0.095358594604595767000000000000000000000000 -0.080406634673425972000000000000000000000000 -0.076024319957734551000000000000000000000000 0.046985746455933335000000000000000000000000 -0.079949176741039046000000000000000000000000 -0.079292875576285352000000000000000000000000 -0.074221701256548284000000000000000000000000 -0.072659020521323933000000000000000000000000 -0.078373237303736978000000000000000000000000 -0.10950185542891691000000000000000000000000 -0.075716922358093935000000000000000000000000 -0.00038175045763315531000000000000000000000000 -0.077458842527648605000000000000000000000000 -0.07631518458224737000000000000000000000000 -0.10400106603137831000000000000000000000000 -0.077488992302299706000000000000000000000000 -0.075285598464512438000000000000000000000000 -0.074412093995981074000000000000000000000000 -0.074895646224277357000000000000000000000000 -0.10654133304079445000000000000000000000000 -0.080442696653408155000000000000000000000000 -0.099743935878280746000000000000000000000000 -0.076464541394212063000000000000000000000000 -0.074347517707059246000000000000000000000000 0.042505372892284753000000000000000000000000 -0.00094690345439195096000000000000000000000000 -0.00047357940180030246000000000000000000000000 -0.00023563427002856282000000000000000000000000 -1.0870264507002414000000000000000000000000 / -1.0902775905474678000000000000000000000000
0.012174945359764369000000000000000000000000 -0.073782429065845978000000000000000000000000 -0.084491124264744186000000000000000000000000 0.90324366025553648000000000000000000000000 -0.081505551561238926000000000000000000000000 -0.07704764134230796000000000000000000000000 0.041673401877420101000000000000000000000000 -0.081039998411695111000000000000000000000000 -0.080372170224553563000000000000000000000000 -0.075215080361122039000000000000000000000000 -0.07362690315899352000000000000000000000000 -0.079436547541049674000000000000000000000000 -0.11135917573703157000000000000000000000000 -0.076735094345195917000000000000000000000000 -0.0004081529747114357000000000000000000000000 -0.078506446780571351000000000000000000000000 -0.077343395595576847000000000000000000000000 -0.10663771823868694000000000000000000000000 -0.078537111523587486000000000000000000000000 -0.076296575891228346000000000000000000000000 -0.07540860749569378000000000000000000000000 -0.075900149377000348000000000000000000000000 -0.10825743253259054000000000000000000000000 -0.081542253845418841000000000000000000000000 -0.10246571048211768000000000000000000000000 -0.077495269786219803000000000000000000000000 -0.075342967387325169000000000000000000000000 0.037327950342590573000000000000000000000000 -0.00099696333239142083000000000000000000000000 -0.00050193127254826093000000000000000000000000 -0.00025386441811352006000000000000000000000000 -1.0864478932478892000000000000000000000000 / -1.0900331047376803000000000000000000000000
0.017993175321109278000000000000000000000000 -0.072600493599330448000000000000000000000000 -0.083089441449872153000000000000000000000000 -0.095058335974583838000000000000000000000000 0.91983192648242473000000000000000000000000 -0.075801592482955302000000000000000000000000 0.048066213959312806000000000000000000000000 -0.079712306296402316000000000000000000000000 -0.07905841456584306000000000000000000000000 -0.074005273982269346000000000000000000000000 -0.0724479711387611000000000000000000000000 -0.078142121319363267000000000000000000000000 -0.10910816628428435000000000000000000000000 -0.075495277196951413000000000000000000000000 -0.00037629505291988968000000000000000000000000 -0.077231017752283027000000000000000000000000 -0.076091429843267749000000000000000000000000 -0.10344903260287633000000000000000000000000 -0.077261059544201829000000000000000000000000 -0.075065466292351155000000000000000000000000 -0.074195006430390398000000000000000000000000 -0.074676876385001228000000000000000000000000 -0.10617630778473423000000000000000000000000 -0.080204001816716816000000000000000000000000 -0.099174098451849338000000000000000000000000 -0.07624025794881549000000000000000000000000 -0.07413065422506139000000000000000000000000 0.04355868155140153000000000000000000000000 -0.00093648247907389892000000000000000000000000 -0.00046768733525302017000000000000000000000000 -0.00023187908724767999000000000000000000000000 -1.0871345574204163000000000000000000000000 / -1.0903170154816606000000000000000000000000
0.019377924109643188000000000000000000000000 -0.072296176397601358000000000000000000000000 -0.08273170722066113000000000000000000000000 -0.094630203270937671000000000000000000000000 -0.079825825669446779000000000000000000000000 0.92451843327848904000000000000000000000000 0.049578032478520564000000000000000000000000 -0.079372427242753174000000000000000000000000 -0.078721912926890264000000000000000000000000 -0.07369411497089616000000000000000000000000 -0.07214439244622467000000000000000000000000 -0.077810311805076735000000000000000000000000 -0.10855077361398972000000000000000000000000 -0.075176773631424387000000000000000000000000 -0.00036863470608872406000000000000000000000000 -0.07690382862059747000000000000000000000000 -0.075769959697954317000000000000000000000000 -0.10267035344383948000000000000000000000000 -0.076933718760643324000000000000000000000000 -0.074749091345653537000000000000000000000000 -0.073882917459286268000000000000000000000000 -0.074362418811698153000000000000000000000000 -0.10565861385879718000000000000000000000000 -0.079861566713428062000000000000000000000000 -0.098369991019333886000000000000000000000000 -0.075918044563342807000000000000000000000000 -0.073818880837078091000000000000000000000000 0.045032809482597677000000000000000000000000 -0.00092179861858678394000000000000000000000000 -0.00045939182447079867000000000000000000000000 -0.0002266132166799463000000000000000000000000 -1.0872798964599233000000000000000000000000 / -1.0903661140769789000000000000000000000000
-0.23696363254707165000000000000000000000000 -0.099174265735909664000000000000000000000000 -0.11399324189227292000000000000000000000000 -0.13198821257123747000000000000000000000000 -0.10980270013614558000000000000000000000000 -0.10363780232351213000000000000000000000000 0.76494238674434178000000000000000000000000 -0.10915409692939655000000000000000000000000 -0.10822579172596512000000000000000000000000 -0.101128597243478000000000000000000000000 -0.098962413940838379000000000000000000000000 -0.10692922907944831000000000000000000000000 -0.15929505678328926000000000000000000000000 -0.10320898811242256000000000000000000000000 -0.0014744412045306716000000000000000000000000 -0.10564465380128575000000000000000000000000 -0.10404393511179966000000000000000000000000 -0.19048620851033901000000000000000000000000 -0.10568693972193439000000000000000000000000 -0.10260796971810572000000000000000000000000 -0.10139303964233534000000000000000000000000 -0.10206524185140772000000000000000000000000 -0.15186052543786482000000000000000000000000 -0.10985388585909714000000000000000000000000 -0.19447380169414893000000000000000000000000 -0.10425262965283612000000000000000000000000 -0.10130333355985066000000000000000000000000 -0.23174758670283702000000000000000000000000 -0.0029629782879843436000000000000000000000000 -0.0016401253676836232000000000000000000000000 -0.00099333389044173521000000000000000000000000 -1.0705625324848251000000000000000000000000 / -1.0877932767239733000000000000000000000000
0.018142387029631522000000000000000000000000 -0.072568116236937333000000000000000000000000 -0.083051303899732073000000000000000000000000 -0.095012568115047283000000000000000000000000 -0.080131608934201862000000000000000000000000 -0.075767524312075785000000000000000000000000 0.048229363808456889000000000000000000000000 0.92032390259676122000000000000000000000000 -0.079022570136948592000000000000000000000000 -0.073972160530275832000000000000000000000000 -0.072415673198798006000000000000000000000000 -0.078106783035207503000000000000000000000000 -0.10904835199927337000000000000000000000000 -0.075461372988120709000000000000000000000000 -0.00037546959786696239000000000000000000000000 -0.077196177651363829000000000000000000000000 -0.076057206068666561000000000000000000000000 -0.10336532030110331000000000000000000000000 -0.077226203095277487000000000000000000000000 -0.075031791323709046000000000000000000000000 -0.074161792886453609000000000000000000000000 -0.074643407864228933000000000000000000000000 -0.10612080437617781000000000000000000000000 -0.080167517018435552000000000000000000000000 -0.099087673571667118000000000000000000000000 -0.076205954096085174000000000000000000000000 -0.074097474648539219000000000000000000000000 0.043717745049720536000000000000000000000000 -0.00093490310408531063000000000000000000000000 -0.0004667946944987501000000000000000000000000 -0.00023131125555859899000000000000000000000000 -1.0871505835456341000000000000000000000000 / -1.0903226598598901000000000000000000000000
0.018354402204872493000000000000000000000000 -0.072521935954957331000000000000000000000000 -0.082996938458131025000000000000000000000000 -0.094947375623569807000000000000000000000000 -0.080079619570365232000000000000000000000000 -0.075718940182068595000000000000000000000000 0.048461086662546858000000000000000000000000 -0.07962447127244672000000000000000000000000 0.92102853819798103000000000000000000000000 -0.07392493360625374000000000000000000000000 -0.072369605859555028000000000000000000000000 -0.078056393858441708000000000000000000000000 -0.10896324376481097000000000000000000000000 -0.07541302191866428000000000000000000000000 -0.0003742965700269249000000000000000000000000 -0.077146496408619786000000000000000000000000 -0.076008400768007883000000000000000000000000 -0.10324627593132045000000000000000000000000 -0.077176498620103992000000000000000000000000 -0.074983766119726375000000000000000000000000 -0.074114423658091816000000000000000000000000 -0.074595676143081727000000000000000000000000 -0.10604180932536418000000000000000000000000 -0.080115498938283139000000000000000000000000 -0.098964764447660419000000000000000000000000 -0.076157034978124913000000000000000000000000 -0.074050153712457892000000000000000000000000 0.043943671338824403000000000000000000000000 -0.00093265751097509973000000000000000000000000 -0.00046552567647082792000000000000000000000000 -0.00023050449316934905000000000000000000000000 -1.0871732075887628000000000000000000000000 / -1.0903305353928872000000000000000000000000
0.019923029086696496000000000000000000000000 -0.072174154116621494000000000000000000000000 -0.082588746668236512000000000000000000000000 -0.094459883920270007000000000000000000000000 -0.079688916980271016000000000000000000000000 -0.07535336783829398000000000000000000000000 0.050171636372912401000000000000000000000000 -0.079236445505787761000000000000000000000000 -0.078587253430464299000000000000000000000000 0.92643059960127483000000000000000000000000 -0.072022660969894348000000000000000000000000 -0.07767749043399351000000000000000000000000 -0.10833040938789708000000000000000000000000 -0.075049172537159814000000000000000000000000 -0.00036562308996980865000000000000000000000000 -0.076772818638821974000000000000000000000000 -0.075641193726944486000000000000000000000000 -0.10236322769753473000000000000000000000000 -0.076802649302951317000000000000000000000000 -0.074622326453137156000000000000000000000000 -0.073757837194500006000000000000000000000000 -0.074236407398742751000000000000000000000000 -0.10545364491055702000000000000000000000000 -0.079724584762508183000000000000000000000000 -0.098052673114094102000000000000000000000000 -0.075788986838641784000000000000000000000000 -0.07369392466389231000000000000000000000000 0.045611735272929742000000000000000000000000 -0.00091600888111306039000000000000000000000000 -0.00045612315889848466000000000000000000000000 -0.0002245452410252785000000000000000000000000 -1.0873348973789208000000000000000000000000 / -1.0903833434964154000000000000000000000000
0.02038717482141536000000000000000000000000 -0.072069401672412103000000000000000000000000 -0.082466253964259786000000000000000000000000 -0.094314322693625469000000000000000000000000 -0.079571542898163011000000000000000000000000 -0.075243372850111304000000000000000000000000 0.050676335679948246000000000000000000000000 -0.079119856037753497000000000000000000000000 -0.078471783453793201000000000000000000000000 -0.073462361778776936000000000000000000000000 0.92808184443859354000000000000000000000000 -0.077563577299614314000000000000000000000000 -0.10814271926399611000000000000000000000000 -0.074939684575839313000000000000000000000000 -0.00036306279250163418000000000000000000000000 -0.076660440364214405000000000000000000000000 -0.075530717821512494000000000000000000000000 -0.10210184297203165000000000000000000000000 -0.076690220621530802000000000000000000000000 -0.074513547861001436000000000000000000000000 -0.073650488168197262000000000000000000000000 -0.074128268129216093000000000000000000000000 -0.10527893180112458000000000000000000000000 -0.079607148675378991000000000000000000000000 -0.097782510099046732000000000000000000000000 -0.075678263538623156000000000000000000000000 -0.073586680965448001000000000000000000000000 0.046104016024639267000000000000000000000000 -0.00091107925071582632000000000000000000000000 -0.00045334098525988225000000000000000000000000 -0.00022278817452338353000000000000000000000000 -1.087380644755982000000000000000000000000 / -1.0903970111572796000000000000000000000000
0.018647602650578819000000000000000000000000 -0.072457736233821096000000000000000000000000 -0.082921420951505981000000000000000000000000 -0.094856918194661008000000000000000000000000 -0.080007385141449852000000000000000000000000 -0.075651414154609145000000000000000000000000 0.048781347232050278000000000000000000000000 -0.079552738893619704000000000000000000000000 -0.078900445182515253000000000000000000000000 -0.073859285336960401000000000000000000000000 -0.072305562475553573000000000000000000000000 0.92201362850244539000000000000000000000000 -0.10884533469348039000000000000000000000000 -0.075345818293238137000000000000000000000000 -0.00037267427498561856000000000000000000000000 -0.077077452964398496000000000000000000000000 -0.075940568804547914000000000000000000000000 -0.10308147767768221000000000000000000000000 -0.077107423047755891000000000000000000000000 -0.074917013310410299000000000000000000000000 -0.074048578472050347000000000000000000000000 -0.074529329383798276000000000000000000000000 -0.10593232886603621000000000000000000000000 -0.080043224820400646000000000000000000000000 -0.098794600249788686000000000000000000000000 -0.076089045582908216000000000000000000000000 -0.073984375351069318000000000000000000000000 0.044255935373211867000000000000000000000000 -0.00092954952917533658000000000000000000000000 -0.0004637696216212085000000000000000000000000 -0.00022938906228335551000000000000000000000000 -1.0872042048806168000000000000000000000000 / -1.0903411444947813000000000000000000000000
8.3172699602871954000000000000000000000000e-005 -0.075710720989519115000000000000000000000000 -0.08677656279499088000000000000000000000000 -0.099534706096577621000000000000000000000000 -0.083686039925484124000000000000000000000000 -0.079079595256290866000000000000000000000000 0.028346219723708332000000000000000000000000 -0.083204539994616272000000000000000000000000 -0.082514022897539369000000000000000000000000 -0.077188398093820734000000000000000000000000 -0.075550345566533825000000000000000000000000 -0.081546971663496906000000000000000000000000 0.88488372307347418000000000000000000000000 -0.078756957843712574000000000000000000000000 -0.00047041588178642319000000000000000000000000 -0.080586025970183314000000000000000000000000 -0.079384933643798672000000000000000000000000 -0.11234513808608539000000000000000000000000 -0.080617701517837537000000000000000000000000 -0.078304346103618361000000000000000000000000 -0.077388059546341537000000000000000000000000 -0.077895241622935249000000000000000000000000 -0.11170322862924394000000000000000000000000 -0.083724004005128957000000000000000000000000 -0.10839713421629817000000000000000000000000 -0.079541743216233668000000000000000000000000 -0.077320337352876412000000000000000000000000 0.024333600549453365000000000000000000000000 -0.0011133071615836566000000000000000000000000 -0.00056800886153232329000000000000000000000000 -0.00029713452857970947000000000000000000000000 -1.0846935056238223000000000000000000000000 / -1.0890721258635887000000000000000000000000
0.019471730973634759000000000000000000000000 -0.072275261049816589000000000000000000000000 -0.082707182551813835000000000000000000000000 -0.094600952571362473000000000000000000000000 -0.079802345002696756000000000000000000000000 -0.075459587478434481000000000000000000000000 0.049680250559428138000000000000000000000000 -0.079349106430153346000000000000000000000000 -0.078698820110996923000000000000000000000000 -0.073672735976624215000000000000000000000000 -0.072123527170171509000000000000000000000000 -0.077787535890520842000000000000000000000000 -0.10851287110093742000000000000000000000000 0.92484510261316955000000000000000000000000 -0.00036811615379166981000000000000000000000000 -0.07688136493948379000000000000000000000000 -0.075747882740038616000000000000000000000000 -0.1026175047399418000000000000000000000000 -0.076911244828459249000000000000000000000000 -0.0747273591666264000000000000000000000000 -0.073861475477296892000000000000000000000000 -0.074340816435100182000000000000000000000000 -0.10562337157748043000000000000000000000000 -0.079838073411970564000000000000000000000000 -0.098315396659527959000000000000000000000000 -0.075895917331062074000000000000000000000000 -0.073797460229192521000000000000000000000000 0.045132494710987028000000000000000000000000 -0.00092080240272109418000000000000000000000000 -0.00045882931299648139000000000000000000000000 -0.00022625705312381692000000000000000000000000 -1.0872894555563235000000000000000000000000 / -1.090369166824499000000000000000000000000
0.038195575189854135000000000000000000000000 -0.067434648067666594000000000000000000000000 -0.07721996378586532000000000000000000000000 -0.088320528364466688000000000000000000000000 -0.074497948203572556000000000000000000000000 -0.070423967157445214000000000000000000000000 0.069374902385142156000000000000000000000000 -0.074072989158458349000000000000000000000000 -0.073463172796713355000000000000000000000000 -0.068746645717311081000000000000000000000000 -0.067292192664488673000000000000000000000000 -0.072608407752670245000000000000000000000000 -0.10080441958326826000000000000000000000000 -0.070137983691199432000000000000000000000000 0.99973203288525914000000000000000000000000 -0.071758234654933153000000000000000000000000 -0.070694548411988217000000000000000000000000 -0.092036455140281567000000000000000000000000 -0.071786271079782277000000000000000000000000 -0.069736671200392134000000000000000000000000 -0.068923832668225937000000000000000000000000 -0.06937381881795765000000000000000000000000 -0.098364372341187112000000000000000000000000 -0.074531444738971872000000000000000000000000 -0.087224530721509000000000000000000000000 -0.070833481563763415000000000000000000000000 -0.068863736059545433000000000000000000000000 0.064400065221905251000000000000000000000000 -0.00071850669601682886000000000000000000000000 -0.000345446348000993000000000000000000000000 -0.00015919187395359549000000000000000000000000 -1.0841180341680365000000000000000000000000 / -1.0860201256857078000000000000000000000000
0.018934910897834278000000000000000000000000 -0.07239445421600732000000000000000000000000 -0.082847054378177187000000000000000000000000 -0.094767955402246334000000000000000000000000 -0.079936231218267664000000000000000000000000 -0.075584871501732404000000000000000000000000 0.049094944670005643000000000000000000000000 -0.079482076440928626000000000000000000000000 -0.078830483495983317000000000000000000000000 -0.073794583058347435000000000000000000000000 -0.07224243377113701000000000000000000000000 -0.077917383420511271000000000000000000000000 -0.10872958423815772000000000000000000000000 -0.075279591567277052000000000000000000000000 -0.00037108473350164293000000000000000000000000 0.92299057632102666000000000000000000000000 -0.075873726381471621000000000000000000000000 -0.10291983028077516000000000000000000000000 -0.077039362291436805000000000000000000000000 -0.074851228385399468000000000000000000000000 -0.073983683159505209000000000000000000000000 -0.074463942428072527000000000000000000000000 -0.10582480619546869000000000000000000000000 -0.079972032046807265000000000000000000000000 -0.098627669160124401000000000000000000000000 -0.07602204890901719000000000000000000000000 -0.073919545544529175000000000000000000000000 0.044561720246358669000000000000000000000000 -0.00092650164497704577000000000000000000000000 -0.00046204787567549163000000000000000000000000 -0.00022829651192637755000000000000000000000000 -1.087234245362382000000000000000000000000 / -1.0903512184928539000000000000000000000000
0.019288811873496167000000000000000000000000 -0.072316011550746156000000000000000000000000 -0.08275497293736464000000000000000000000000 -0.094657964722777918000000000000000000000000 -0.079848098793266806000000000000000000000000 -0.075502412769462734000000000000000000000000 0.049480905513731126000000000000000000000000 -0.079394548404283199000000000000000000000000 -0.078743817357314616000000000000000000000000 -0.073714390639094449000000000000000000000000 -0.072164180028911395000000000000000000000000 -0.077831915011675259000000000000000000000000 -0.10858676810895511000000000000000000000000 -0.075197521800107053000000000000000000000000 -0.00036912739502220881000000000000000000000000 -0.076925135062369129000000000000000000000000 0.92420910139355306000000000000000000000000 -0.1027205518370969000000000000000000000000 -0.07695503494527689000000000000000000000000 -0.074769702613306746000000000000000000000000 -0.073903252976794898000000000000000000000000 -0.074382906736378623000000000000000000000000 -0.10569207733896396000000000000000000000000 -0.079883851848425655000000000000000000000000 -0.098421844684445731000000000000000000000000 -0.075939031249534661000000000000000000000000 -0.073839196045354827000000000000000000000000 0.044938091188619224000000000000000000000000 -0.00092274488357175154000000000000000000000000 -0.00045992616502826464000000000000000000000000 -0.00022695165133415038000000000000000000000000 -1.0872707805130268000000000000000000000000 / -1.0903631809820125000000000000000000000000
-0.046497677792114472000000000000000000000000 -0.080825892172108726000000000000000000000000 -0.092718102971367192000000000000000000000000 -0.10662379729336982000000000000000000000000 -0.089385667594391302000000000000000000000000 -0.084436023605256524000000000000000000000000 -0.02253664517177623000000000000000000000000 -0.088867392431849601000000000000000000000000 -0.088124533085477741000000000000000000000000 -0.082408628689555646000000000000000000000000 -0.080654170908574685000000000000000000000000 -0.087084929112573484000000000000000000000000 -0.12478444982377107000000000000000000000000 -0.084089989343065746000000000000000000000000 -0.0006634296253233686000000000000000000000000 -0.086052704919358375000000000000000000000000 -0.084763571501290227000000000000000000000000 0.87048583454956829000000000000000000000000 -0.086086717672779797000000000000000000000000 -0.083604673006353103000000000000000000000000 -0.082622568062826071000000000000000000000000 -0.083166119952685275000000000000000000000000 -0.12048166764633873000000000000000000000000 -0.089426541143525176000000000000000000000000 -0.12680383815014487000000000000000000000000 -0.084931813123359373000000000000000000000000 -0.082550000576375085000000000000000000000000 -0.025370411977121806000000000000000000000000 -0.0014706675379625102000000000000000000000000 -0.00077050572939642032000000000000000000000000 -0.00043217679312312327000000000000000000000000 -1.0797086246720753000000000000000000000000 / -1.0866026839094192000000000000000000000000
0.018925501506366859000000000000000000000000 -0.072396532465874075000000000000000000000000 -0.082849495510216239000000000000000000000000 -0.094770873806216668000000000000000000000000 -0.079938567220312284000000000000000000000000 -0.07558705654339741000000000000000000000000 0.049084677961001952000000000000000000000000 -0.079484396357154666000000000000000000000000 -0.078832780474702588000000000000000000000000 -0.07379670782939228000000000000000000000000 -0.072244506998693517000000000000000000000000 -0.0779196485281448000000000000000000000000 -0.10873337805554813000000000000000000000000 -0.075281766263527339000000000000000000000000 -0.00037113678592173822000000000000000000000000 -0.077011657397279235000000000000000000000000 -0.075875921239135058000000000000000000000000 -0.10292512641438992000000000000000000000000 0.92295840295989862000000000000000000000000 -0.074853388613705898000000000000000000000000 -0.073985814252845852000000000000000000000000 -0.074466089623187098000000000000000000000000 -0.1058283310775502000000000000000000000000 -0.079974369320390273000000000000000000000000 -0.098633138756167069000000000000000000000000 -0.076024248817505621000000000000000000000000 -0.073921674492416531000000000000000000000000 0.044551709022487777000000000000000000000000 -0.00092660149530686322000000000000000000000000 -0.00046210427546716418000000000000000000000000 -0.00022833228381930547000000000000000000000000 -1.0872332668593441000000000000000000000000 / -1.0903508936703523000000000000000000000000
0.019602738889947312000000000000000000000000 -0.072245991939957718000000000000000000000000 -0.082672876554900826000000000000000000000000 -0.094560058156247934000000000000000000000000 -0.079769495392095727000000000000000000000000 -0.07542883311411909000000000000000000000000 0.049822960601703811000000000000000000000000 -0.079316479853536445000000000000000000000000 -0.078666511660701668000000000000000000000000 -0.073642819529774112000000000000000000000000 -0.072094327975622596000000000000000000000000 -0.077755669650885137000000000000000000000000 -0.10845992041642226000000000000000000000000 -0.07512428679210148000000000000000000000000 -0.00036739213715380109000000000000000000000000 -0.076849934437053000000000000000000000000 -0.07571699198548483000000000000000000000000 -0.10254369116095668000000000000000000000000 -0.076879800019511085000000000000000000000000 0.9253030503276547000000000000000000000000 -0.073831471095283485000000000000000000000000 -0.074310588139178207000000000000000000000000 -0.10557412878256317000000000000000000000000 -0.079805206173420754000000000000000000000000 -0.09823913953439832000000000000000000000000 -0.075864956405210279000000000000000000000000 -0.073767485686693085000000000000000000000000 0.045271672175649737000000000000000000000000 -0.00091941098307123028000000000000000000000000 -0.00045804371089025594000000000000000000000000 -0.0002257598314393197000000000000000000000000 -1.0873027410073335000000000000000000000000 / -1.0903733697880666000000000000000000000000
0.019865991129453267000000000000000000000000 -0.072186975349112587000000000000000000000000 -0.082603754307153054000000000000000000000000 -0.094477741817554639000000000000000000000000 -0.079703293197710273000000000000000000000000 -0.075366834588187909000000000000000000000000 0.050109567037066802000000000000000000000000 -0.079250724974014752000000000000000000000000 -0.078601394874963232000000000000000000000000 -0.073582503062925228000000000000000000000000 -0.072035451798199909000000000000000000000000 -0.077691439969942724000000000000000000000000 -0.10835347663485916000000000000000000000000 -0.075062576833201486000000000000000000000000 -0.00036593800529761261000000000000000000000000 -0.076786579018693499000000000000000000000000 -0.075654719719105298000000000000000000000000 -0.10239536296380518000000000000000000000000 -0.076816415894274015000000000000000000000000 -0.074635643379732108000000000000000000000000 0.92622902192180223000000000000000000000000 -0.074249645591484836000000000000000000000000 -0.10547510868237459000000000000000000000000 -0.079738968626115861000000000000000000000000 -0.098085880513242032000000000000000000000000 -0.075802543308050682000000000000000000000000 -0.073707052578643031000000000000000000000000 0.045551197180506708000000000000000000000000 -0.00091661474566706277000000000000000000000000 -0.00045646515140675619000000000000000000000000 -0.00022476142299660194000000000000000000000000 -1.0873292051682313000000000000000000000000 / -1.0903815991272594000000000000000000000000
0.019720589179966063000000000000000000000000 -0.072219604689036834000000000000000000000000 -0.082641962512810904000000000000000000000000 -0.094523229808211179000000000000000000000000 -0.079739889699676991000000000000000000000000 -0.075401110453904324000000000000000000000000 0.049951292610952158000000000000000000000000 -0.079287074561612964000000000000000000000000 -0.078637392229269021000000000000000000000000 -0.07361585018834596000000000000000000000000 -0.072068003598986768000000000000000000000000 -0.077726947614038269000000000000000000000000 -0.10841227415724965000000000000000000000000 -0.075096693374792342000000000000000000000000 -0.00036674103490474047000000000000000000000000 -0.076821604017910383000000000000000000000000 -0.0756891467203476000000000000000000000000 -0.10247728805985928000000000000000000000000 -0.076851456741775723000000000000000000000000 -0.07466953704378898000000000000000000000000 -0.073804422689381532000000000000000000000000 0.92571666158472043000000000000000000000000 -0.10552981047306177000000000000000000000000 -0.07977558464236803000000000000000000000000 -0.098170532537433006000000000000000000000000 -0.075837048062776857000000000000000000000000 -0.073740464109966028000000000000000000000000 0.045396831186706246000000000000000000000000 -0.0009181592164408122000000000000000000000000 -0.0004573370170509236000000000000000000000000 -0.00022531274713667824000000000000000000000000 -1.087314626978559000000000000000000000000 / -1.0903770898211838000000000000000000000000
0.0044680917841658143000000000000000000000000 -0.075085685405044525000000000000000000000000 -0.086040060304425514000000000000000000000000 -0.098643660365604319000000000000000000000000 -0.082982291053262061000000000000000000000000 -0.078422187234603674000000000000000000000000 0.033175447487566553000000000000000000000000 -0.082505766302166245000000000000000000000000 -0.081822327473213191000000000000000000000000 -0.076549294884259919000000000000000000000000 -0.074926825960064988000000000000000000000000 -0.08086508072359927000000000000000000000000 -0.11390693219567939000000000000000000000000 -0.078102698926921774000000000000000000000000 -0.00044851387210613004000000000000000000000000 -0.079913757756362946000000000000000000000000 -0.078724534777152994000000000000000000000000 -0.11043021526229445000000000000000000000000 -0.079945117949422495000000000000000000000000 -0.077654486076018242000000000000000000000000 -0.076747040674395597000000000000000000000000 -0.077249339339646297000000000000000000000000 0.8894024204620139000000000000000000000000 -0.083019861458004648000000000000000000000000 -0.10639848279898552000000000000000000000000 -0.078879804290492961000000000000000000000000 -0.07667996866613562000000000000000000000000 0.029044169890139561000000000000000000000000 -0.001072577598205981000000000000000000000000 -0.00054486045258254825000000000000000000000000 -0.00028187908732264436000000000000000000000000 -1.0853795506189006000000000000000000000000 / -1.0894785429444771000000000000000000000000
0.017981361464421218000000000000000000000000 -0.072603052713148028000000000000000000000000 -0.083092456596973424000000000000000000000000 -0.095061955591912745000000000000000000000000 -0.080170956187149242000000000000000000000000 -0.075804285427917201000000000000000000000000 0.048053294184265578000000000000000000000000 -0.079715168720588286000000000000000000000000 -0.079061248132920328000000000000000000000000 -0.0740078913559514000000000000000000000000 -0.072450523966769764000000000000000000000000 -0.078144914813388117000000000000000000000000 -0.10911289904130857000000000000000000000000 -0.075497957162825216000000000000000000000000 -0.00037636040377478011000000000000000000000000 -0.077233771805737636000000000000000000000000 -0.076094135105902044000000000000000000000000 -0.10345565798588277000000000000000000000000 -0.077263814891874089000000000000000000000000 -0.075068128112183163000000000000000000000000 -0.074197631726514973000000000000000000000000 -0.074679521863376022000000000000000000000000 -0.10618069893955144000000000000000000000000 0.9197931139130805000000000000000000000000 -0.099180938351597275000000000000000000000000 -0.076242969550560702000000000000000000000000 -0.074133276832598641000000000000000000000000 0.04354608554958575000000000000000000000000 -0.00093660748791380799000000000000000000000000 -0.00046775799245651249000000000000000000000000 -0.00023192404628861592000000000000000000000000 -1.0871332849168354000000000000000000000000 / -1.0903165650118316000000000000000000000000
-0.075615492655455779000000000000000000000000 -0.083819706997263113000000000000000000000000 -0.09613874086630389000000000000000000000000 -0.11064055642133856000000000000000000000000 -0.092681298129167922000000000000000000000000 -0.087554442248417907000000000000000000000000 -0.05404657725921546000000000000000000000000 -0.092144029453083573000000000000000000000000 -0.091374139714424873000000000000000000000000 -0.085456715398680591000000000000000000000000 -0.083642123246904579000000000000000000000000 -0.090297072885473048000000000000000000000000 -0.13017935224426891000000000000000000000000 -0.087196327310846602000000000000000000000000 -0.0007180042648408984000000000000000000000000 -0.089228046837129829000000000000000000000000 -0.087893457421658508000000000000000000000000 -0.13990986343245559000000000000000000000000 -0.089263266292043411000000000000000000000000 -0.086694123590793565000000000000000000000000 -0.085678028929858596000000000000000000000000 -0.086240363485024646000000000000000000000000 -0.12539391086600929000000000000000000000000 -0.09272367443583035000000000000000000000000 0.85775271174594814000000000000000000000000 -0.088067601573353985000000000000000000000000 -0.085602959017174948000000000000000000000000 -0.056003400849965974000000000000000000000000 -0.0015774867227306968000000000000000000000000 -0.00082717345126169192000000000000000000000000 -0.00047077440997503805000000000000000000000000 -1.118853284135181000000000000000000000000 / -1.1265269101770619000000000000000000000000
0.019242917206914886000000000000000000000000 -0.072326214186304000000000000000000000000 -0.08276694303788068000000000000000000000000 -0.094672252499918605000000000000000000000000 -0.079859557386924393000000000000000000000000 -0.075513136112870985000000000000000000000000 0.049430873882614551000000000000000000000000 -0.079405928695776007000000000000000000000000 -0.078755085976596723000000000000000000000000 -0.073724820169472793000000000000000000000000 -0.072174358163688224000000000000000000000000 -0.077843028430456027000000000000000000000000 -0.10860530134149095000000000000000000000000 -0.075208194721815669000000000000000000000000 -0.00036938117058927307000000000000000000000000 -0.076936095586376305000000000000000000000000 -0.075801669787069967000000000000000000000000 -0.10274640250767594000000000000000000000000 -0.07696600048872386000000000000000000000000 -0.074780305013165946000000000000000000000000 -0.073913713335114775000000000000000000000000 -0.074393445600149224000000000000000000000000 -0.10570930559292628000000000000000000000000 -0.079895316631214866000000000000000000000000 -0.098448546729194994000000000000000000000000 0.92405017295678271000000000000000000000000 -0.07384964594249685000000000000000000000000 0.044889301041227743000000000000000000000000 -0.00092323218823989694000000000000000000000000 -0.00046020135100694338000000000000000000000000 -0.00022712598655056585000000000000000000000000 -1.0872660723348564000000000000000000000000 / -1.0903616578672355000000000000000000000000
0.019885349995410199000000000000000000000000 -0.072182625117286445000000000000000000000000 -0.082598661865854489000000000000000000000000 -0.094471681637461197000000000000000000000000 -0.079698415116119928000000000000000000000000 -0.075362265240071516000000000000000000000000 0.050130634725479378000000000000000000000000 -0.079245879736628236000000000000000000000000 -0.078596596493110168000000000000000000000000 -0.073578057302710942000000000000000000000000 -0.072031111886533133000000000000000000000000 -0.077686706735252811000000000000000000000000 -0.10834564763390994000000000000000000000000 -0.075058028685165076000000000000000000000000 -0.00036583111575237183000000000000000000000000 -0.076781909995750422000000000000000000000000 -0.075650130260978818000000000000000000000000 -0.10238445596623094000000000000000000000000 -0.076811744762781103000000000000000000000000 -0.074631124889222786000000000000000000000000 -0.073766519344671974000000000000000000000000 -0.074245153826952168000000000000000000000000 -0.1054678241107851000000000000000000000000 -0.07973408794881047000000000000000000000000 -0.098074609785432101000000000000000000000000 -0.07579794350426694000000000000000000000000 0.92629740175267095000000000000000000000000 0.04557174503606342000000000000000000000000 -0.00091640911299003885000000000000000000000000 -0.00045634907645959364000000000000000000000000 -0.00022468804427133255000000000000000000000000 -1.087331138808971000000000000000000000000 / -1.0903821927306614000000000000000000000000
-0.22971882300735763000000000000000000000000 -0.098408542268100932000000000000000000000000 -0.11310768800260876000000000000000000000000 -0.1309358269908939000000000000000000000000 -0.10895227992453443000000000000000000000000 -0.10283715169405482000000000000000000000000 -0.2267268805877308000000000000000000000000 -0.10830901408334227000000000000000000000000 -0.10738830382356067000000000000000000000000 -0.10034767067677235000000000000000000000000 -0.098198331689469884000000000000000000000000 -0.10610226524285631000000000000000000000000 -0.15787912777100824000000000000000000000000 -0.10241172694767878000000000000000000000000 -0.0014439235268902061000000000000000000000000 -0.10482802518774668000000000000000000000000 -0.1032400665969475000000000000000000000000 -0.1880457898775551000000000000000000000000 -0.10486997228300662000000000000000000000000 -0.10181544562933798000000000000000000000000 -0.10061004612955221000000000000000000000000 -0.10127698242443195000000000000000000000000 -0.15056730447513919000000000000000000000000 -0.10900304333980067000000000000000000000000 -0.19158518682628844000000000000000000000000 -0.10344710461285843000000000000000000000000 -0.10052104149767194000000000000000000000000 0.77627589322545065000000000000000000000000 -0.0029062749185068651000000000000000000000000 -0.0016071406914440621000000000000000000000000 -0.00097228051514507358000000000000000000000000 -1.0693465685036603000000000000000000000000 / -1.0862026188553728000000000000000000000000
-3.1289695189984106000000000000000000000000 -0.74841741099639447000000000000000000000000 -0.82593348119201448000000000000000000000000 -0.92430891979560825000000000000000000000000 -0.80398486316309858000000000000000000000000 -0.77184323119406339000000000000000000000000 -3.2365606882138231000000000000000000000000 -0.80059997890489909000000000000000000000000 -0.79575894768232147000000000000000000000000 -0.75871203397641429000000000000000000000000 -0.74729650342445453000000000000000000000000 -0.78900198464293836000000000000000000000000 -1.1347067994364068000000000000000000000000 -0.76960387422012733000000000000000000000000 -0.0089431869204477845000000000000000000000000 -0.78230880068982533000000000000000000000000 -0.77396287079177961000000000000000000000000 -1.6911035011568352000000000000000000000000 -0.7825291559987323000000000000000000000000 -0.76646246014749053000000000000000000000000 -0.76009966561207998000000000000000000000000 -0.7636224183134851000000000000000000000000 -1.0625144666773456000000000000000000000000 -0.8042520905288667000000000000000000000000 -1.8078278016353295000000000000000000000000 -0.77505164902130941000000000000000000000000 -0.75962906376617467000000000000000000000000 -3.203555788245013000000000000000000000000 0.97902068416666055000000000000000000000000 -0.01103606676671756000000000000000000000000 -0.0058217636250675105000000000000000000000000 0.88048029121871074000000000000000000000000 / 0.78061399939896015000000000000000000000000
0.10320306494386311000000000000000000000000 0.093986901277693269000000000000000000000000 0.073225410838562502000000000000000000000000 0.039357575602592614000000000000000000000000 0.079714319472628511000000000000000000000000 0.088367218349076515000000000000000000000000 0.083137534518512357000000000000000000000000 0.080674362190897214000000000000000000000000 0.082027922232670164000000000000000000000000 0.091591717367314071000000000000000000000000 0.094240495574637803000000000000000000000000 0.083878249751349984000000000000000000000000 -0.04445663645795489000000000000000000000000 0.088930282878673717000000000000000000000000 -0.05181979818253081000000000000000000000000 0.085665565559935403000000000000000000000000 0.087829339141211826000000000000000000000000 -0.13387755342931207000000000000000000000000 0.085607454063680713000000000000000000000000 0.089711101954835851000000000000000000000000 0.091259846230420966000000000000000000000000 0.090407837858680812000000000000000000000000 -0.015357171172588778000000000000000000000000 0.079638053328345074000000000000000000000000 0.0067658588952776069000000000000000000000000 0.087551201940130122000000000000000000000000 0.091372634834407621000000000000000000000000 0.069894817801142178000000000000000000000000 -0.08074896231732151000000000000000000000000 0.95250832037653432000000000000000000000000 -0.03820279126867554000000000000000000000000 -0.11796787320841823000000000000000000000000 / -0.74071458306210114000000000000000000000000
0.28181821059406875000000000000000000000000 0.10452053419611612000000000000000000000000 0.12575917114044025000000000000000000000000 0.1580319046322104000000000000000000000000 0.11938703941054467000000000000000000000000 0.11057465059642205000000000000000000000000 -0.2127061191276379000000000000000000000000 0.11843026757858864000000000000000000000000 0.11707380877361606000000000000000000000000 0.10714456059019441000000000000000000000000 0.10423815579444699000000000000000000000000 0.11520377062668148000000000000000000000000 0.2493176860612723000000000000000000000000 0.10998292857647272000000000000000000000000 0.038532229006806265000000000000000000000000 0.11337783387497971000000000000000000000000 0.11113734409801851000000000000000000000000 0.56762475632626685000000000000000000000000 0.11343753251509088000000000000000000000000 0.10915757856781197000000000000000000000000 0.10750256487998555000000000000000000000000 0.10841611845793454000000000000000000000000 0.2146246087884576000000000000000000000000 0.11946286682508403000000000000000000000000 0.68695015051480535000000000000000000000000 0.11142736863378939000000000000000000000000 0.10738103466918468000000000000000000000000 -0.075911280101116724000000000000000000000000 0.05820870353160474000000000000000000000000 0.035051780724699944000000000000000000000000 1.0284237238388794000000000000000000000000 -0.47213496098290292000000000000000000000000 / -0.044057942872449088000000000000000000000000
0.010009129705729347000000000000000000000000 -0.0030619116982122706000000000000000000000000 -0.0033926929719523993000000000000000000000000 -0.0036377791217040104000000000000000000000000 -0.003308929103707824000000000000000000000000 -0.003170948708642297000000000000000000000000 0.013818689082409666000000000000000000000000 -0.0032952050850514267000000000000000000000000 -0.003275223363807124000000000000000000000000 -0.0031104447243436128000000000000000000000000 -0.00305658656139036000000000000000000000000 -0.0032466630058836537000000000000000000000000 -0.0032694907243828075000000000000000000000000 -0.0031607679691489634000000000000000000000000 0.0004291313158781868000000000000000000000000 -0.0032176438926673628000000000000000000000000 -0.0031805267857625799000000000000000000000000 -0.00064681738862072246000000000000000000000000 -0.0032186102679775683000000000000000000000000 -0.003146384866204274000000000000000000000000 -0.003116922813197206000000000000000000000000 -0.003133286099967708000000000000000000000000 -0.0035208327623160412000000000000000000000000 -0.0033100037450968785000000000000000000000000 -0.0018486500980734451000000000000000000000000 -0.003185423818898879000000000000000000000000 -0.0031147278001417561000000000000000000000000 0.013338761610023115000000000000000000000000 0.00071303539822504885000000000000000000000000 0.00041835051694807907000000000000000000000000 0.00030958923944238322000000000000000000000000 0.92000355280107349000000000000000000000000 / -0.074976582004595393000000000000000000000000
/
