3
66
2 32
2 1
/
2
1
0.73236083984375000000000000000000000000 / -0.20587158203125000000000000000000000000
0.591094970703125000000000000000000000000 / 0.1712646484375000000000000000000000000
/
32
2
-0.03848807965273298000000000000000000000000 -0.47412854393637127000000000000000000000000 / -1.1313802103773971000000000000000000000000
0.26578891086937123000000000000000000000000 -0.77840305622746331000000000000000000000000 / -0.8271204338937137000000000000000000000000
0.48998094489790128000000000000000000000000 -1.0025951912125071000000000000000000000000 / -0.60292769861040774000000000000000000000000
0.56462665207232221000000000000000000000000 -1.0772410074665091000000000000000000000000 / -0.52828123375758884000000000000000000000000
0.40782769650202344000000000000000000000000 -0.92044191566498534000000000000000000000000 / -0.6850811356045079000000000000000000000000
-0.079181877138665674000000000000000000000000 -0.43343230026645108000000000000000000000000 / -1.17209099929967000000000000000000000000
0.23462522662021498000000000000000000000000 -0.747245189750537000000000000000000000000 / -0.85824370738637323000000000000000000000000
0.1982533263388932000000000000000000000000 -0.71086754121776252000000000000000000000000 / -0.89465553552540633000000000000000000000000
0.22652279255835495000000000000000000000000 -0.73913700126451443000000000000000000000000 / -0.8663861121822477000000000000000000000000
0.31602080668269567000000000000000000000000 -0.82863496630453615000000000000000000000000 / -0.77688843900285853000000000000000000000000
0.12331251529175105000000000000000000000000 -0.63592665907852175000000000000000000000000 / -0.96959684038590299000000000000000000000000
-0.018838512506186421000000000000000000000000 -0.49377568749365003000000000000000000000000 / -1.1117474777218446000000000000000000000000
0.10674044687738699000000000000000000000000 -0.61935497707699172000000000000000000000000 / -0.98616622473562399000000000000000000000000
-0.1382130378079808000000000000000000000000 -0.37440113659548802000000000000000000000000 / -1.2311221808187562000000000000000000000000
-1.4883318732821742000000000000000000000000 -1.6527265435574217000000000000000000000000 / 0.039066023084126579000000000000000000000000
0.15845846699629729000000000000000000000000 -0.67107265826647278000000000000000000000000 / -0.93445055885652151000000000000000000000000
0.16232405612145917000000000000000000000000 -0.67493823635629624000000000000000000000000 / -0.93058504638400541000000000000000000000000
0.19913678641607827000000000000000000000000 -0.7117515863696745000000000000000000000000 / -0.89376801145762397000000000000000000000000
-0.11588438858712917000000000000000000000000 -0.39672980297213689000000000000000000000000 / -1.2087934124318942000000000000000000000000
0.015778672620050026000000000000000000000000 -0.52839284279152965000000000000000000000000 / -1.0771304997865749000000000000000000000000
-0.28185924392376593000000000000000000000000 -0.23075491759845648000000000000000000000000 / -1.3747684764090626000000000000000000000000
-0.13880302291790278000000000000000000000000 -0.37381114340595167000000000000000000000000 / -1.231712222050547000000000000000000000000
0.22768174622211262000000000000000000000000 -0.74029622460940914000000000000000000000000 / -0.86522528528464371000000000000000000000000
-0.042550722359612089000000000000000000000000 -0.47006349714045309000000000000000000000000 / -1.1354595521245894000000000000000000000000
0.26333548155660924000000000000000000000000 -0.77595032557272037000000000000000000000000 / -0.82956901025432628000000000000000000000000
-0.23204443730042787000000000000000000000000 -0.28056974438363008000000000000000000000000 / -1.324953529739449000000000000000000000000
0.23101917575054054000000000000000000000000 -0.74363333662884212000000000000000000000000 / -0.86189006120749989000000000000000000000000
0.4178148646877381000000000000000000000000 -0.93043377480367284000000000000000000000000 / -0.67506138363203516000000000000000000000000
-0.21372754452367407000000000000000000000000 -1.9575626872094343000000000000000000000000 / -1.610961607529505000000000000000000000000
-1.6146502060272139000000000000000000000000 -2.6222285598859507000000000000000000000000 / -0.92457054135874706000000000000000000000000
-1.1021002171644647000000000000000000000000 2.0454351031759055000000000000000000000000 / 2.786237712918517000000000000000000000000
2.4595015877407036000000000000000000000000 -1.0629050580640351000000000000000000000000 / -2.2838812551797396000000000000000000000000
/
32
32
0.89259490281883469000000000000000000000000 -0.10740447019364054000000000000000000000000 -0.10740449573552475000000000000000000000000 -0.10740452333252803000000000000000000000000 -0.10740448886619057000000000000000000000000 -0.1074044783015025000000000000000000000000 -0.10740594207140429000000000000000000000000 -0.10740448778231973000000000000000000000000 -0.1074044862206311000000000000000000000000 -0.1074044738023531000000000000000000000000 -0.10740446979609776000000000000000000000000 -0.10740448401794134000000000000000000000000 -0.10740456755807126000000000000000000000000 -0.10740447754208894000000000000000000000000 -0.0081451290899129218000000000000000000000000 -0.10740448180934684000000000000000000000000 -0.10740447901741861000000000000000000000000 -0.10740463580543563000000000000000000000000 -0.10740448188248664000000000000000000000000 -0.10740447647140028000000000000000000000000 -0.10740447428314784000000000000000000000000 -0.10740447549795534000000000000000000000000 -0.10740455444962713000000000000000000000000 -0.10740448895147735000000000000000000000000 -0.10740464695318255000000000000000000000000 -0.1074044793840697000000000000000000000000 -0.1074044741202367000000000000000000000000 -0.10740567566395379000000000000000000000000 -0.0035086442462707876000000000000000000000000 -0.0003985342966376865000000000000000000000000 -0.8753826559460447000000000000000000000000 -0.41182316737370911000000000000000000000000 / -0.96759664135180024000000000000000000000000
-0.1074050151775074000000000000000000000000 0.89259561180927005000000000000000000000000 -0.10740441373258477000000000000000000000000 -0.1074044413295549000000000000000000000000 -0.10740440686325828000000000000000000000000 -0.10740439629858305000000000000000000000000 -0.10740586006674403000000000000000000000000 -0.10740440577938883000000000000000000000000 -0.10740440421770193000000000000000000000000 -0.10740439179943877000000000000000000000000 -0.10740438779318827000000000000000000000000 -0.10740440201501508000000000000000000000000 -0.1074044855550453000000000000000000000000 -0.10740439553917018000000000000000000000000 -0.0081451193570515872000000000000000000000000 -0.10740439980642312000000000000000000000000 -0.10740439701449808000000000000000000000000 -0.10740455380232888000000000000000000000000 -0.10740439987956275000000000000000000000000 -0.10740439446848317000000000000000000000000 -0.10740439228023275000000000000000000000000 -0.10740439349503904000000000000000000000000 -0.10740447244661679000000000000000000000000 -0.10740440694854501000000000000000000000000 -0.10740456495006231000000000000000000000000 -0.10740439738114876000000000000000000000000 -0.10740439211732178000000000000000000000000 -0.10740559365961014000000000000000000000000 -0.003508640371977313000000000000000000000000 -0.0003985338176362049000000000000000000000000 -0.87538237137666286000000000000000000000000 -0.41182355100364015000000000000000000000000 / -0.96759635006876155000000000000000000000000
-0.10740501851811309000000000000000000000000 -0.10740439153130585000000000000000000000000 0.89259558292683927000000000000000000000000 -0.10740444467013269000000000000000000000000 -0.10740441020383437000000000000000000000000 -0.10740439963915865000000000000000000000000 -0.1074058634073906000000000000000000000000 -0.10740440911996478000000000000000000000000 -0.10740440755827813000000000000000000000000 -0.10740439514001419000000000000000000000000 -0.10740439113376361000000000000000000000000 -0.10740440535559084000000000000000000000000 -0.10740448889562522000000000000000000000000 -0.10740439887974572000000000000000000000000 -0.0081451197535415843000000000000000000000000 -0.10740440314699885000000000000000000000000 -0.1074044003550737000000000000000000000000 -0.10740455714291208000000000000000000000000 -0.10740440322013857000000000000000000000000 -0.10740439780905854000000000000000000000000 -0.10740439562080849000000000000000000000000 -0.10740439683561466000000000000000000000000 -0.10740447578719636000000000000000000000000 -0.10740441028912111000000000000000000000000 -0.10740456829064608000000000000000000000000 -0.10740440072172447000000000000000000000000 -0.10740439545789737000000000000000000000000 -0.10740559700024402000000000000000000000000 -0.0035086405298054122000000000000000000000000 -0.00039853383714940726000000000000000000000000 -0.87538238296922422000000000000000000000000 -0.41182353537562211000000000000000000000000 / -0.96759636193482756000000000000000000000000
-0.10740502212750792000000000000000000000000 -0.10740439514066769000000000000000000000000 -0.10740442068252445000000000000000000000000 0.8925955517205032000000000000000000000000 -0.10740441381319728000000000000000000000000 -0.10740440324852092000000000000000000000000 -0.10740586701682911000000000000000000000000 -0.10740441272932763000000000000000000000000 -0.10740441116764088000000000000000000000000 -0.10740439874937667000000000000000000000000 -0.10740439474312562000000000000000000000000 -0.10740440896495347000000000000000000000000 -0.10740449250499221000000000000000000000000 -0.10740440248910826000000000000000000000000 -0.008145120181933703000000000000000000000000 -0.10740440675636141000000000000000000000000 -0.10740440396443618000000000000000000000000 -0.1074045607522828000000000000000000000000 -0.10740440682950114000000000000000000000000 -0.10740440141842074000000000000000000000000 -0.10740439923017071000000000000000000000000 -0.10740440044497675000000000000000000000000 -0.10740447939656259000000000000000000000000 -0.10740441389848393000000000000000000000000 -0.10740457190001718000000000000000000000000 -0.10740440433108682000000000000000000000000 -0.10740439906725929000000000000000000000000 -0.10740560060966879000000000000000000000000 -0.0035086407003325549000000000000000000000000 -0.00039853385823266697000000000000000000000000 -0.87538239549453722000000000000000000000000 -0.41182351849015403000000000000000000000000 / -0.96759637475565352000000000000000000000000
-0.10740501761967755000000000000000000000000 -0.10740439063287847000000000000000000000000 -0.10740441617473344000000000000000000000000 -0.10740444377170465000000000000000000000000 0.89259559069459404000000000000000000000000 -0.10740439874073124000000000000000000000000 -0.10740586250894361000000000000000000000000 -0.10740440822153713000000000000000000000000 -0.1074044066598505000000000000000000000000 -0.10740439424158696000000000000000000000000 -0.10740439023533604000000000000000000000000 -0.10740440445716312000000000000000000000000 -0.10740448799719664000000000000000000000000 -0.10740439798131818000000000000000000000000 -0.0081451196469080004000000000000000000000000 -0.10740440224857122000000000000000000000000 -0.10740439945664629000000000000000000000000 -0.10740455624448228000000000000000000000000 -0.10740440232171113000000000000000000000000 -0.10740439691063104000000000000000000000000 -0.10740439472238086000000000000000000000000 -0.10740439593718679000000000000000000000000 -0.10740447488876752000000000000000000000000 -0.10740440939069326000000000000000000000000 -0.10740456739221638000000000000000000000000 -0.10740439982329696000000000000000000000000 -0.10740439455946964000000000000000000000000 -0.1074055961018006000000000000000000000000 -0.0035086404873584972000000000000000000000000 -0.00039853383190144965000000000000000000000000 -0.87538237985147416000000000000000000000000 -0.41182353957868434000000000000000000000000 / -0.96759635874352068000000000000000000000000
-0.10740501623792913000000000000000000000000 -0.10740438925114268000000000000000000000000 -0.10740441479299702000000000000000000000000 -0.10740444238996788000000000000000000000000 -0.10740440792367047000000000000000000000000 0.89259560264100468000000000000000000000000 -0.10740586112717833000000000000000000000000 -0.10740440683980101000000000000000000000000 -0.10740440527811446000000000000000000000000 -0.1074043928598509000000000000000000000000 -0.1074043888536005000000000000000000000000 -0.10740440307542713000000000000000000000000 -0.10740448661545904000000000000000000000000 -0.10740439659958234000000000000000000000000 -0.0081451194829109761000000000000000000000000 -0.10740440086683534000000000000000000000000 -0.10740439807491026000000000000000000000000 -0.10740455486274339000000000000000000000000 -0.1074044009399749000000000000000000000000 -0.10740439552889509000000000000000000000000 -0.10740439334064489000000000000000000000000 -0.10740439455545119000000000000000000000000 -0.10740447350702985000000000000000000000000 -0.10740440800895699000000000000000000000000 -0.10740456601047714000000000000000000000000 -0.10740439844156099000000000000000000000000 -0.10740439317773387000000000000000000000000 -0.10740559472004073000000000000000000000000 -0.0035086404220773136000000000000000000000000 -0.00039853382383035763000000000000000000000000 -0.87538237505653405000000000000000000000000 -0.41182354604277749000000000000000000000000 / -0.96759635383545395000000000000000000000000
-0.10740520768557477000000000000000000000000 -0.10740458069704696000000000000000000000000 -0.10740460623897277000000000000000000000000 -0.10740463383601981000000000000000000000000 -0.10740459936962682000000000000000000000000 -0.10740458880492221000000000000000000000000 0.89259394742283082000000000000000000000000 -0.10740459828575465000000000000000000000000 -0.10740459672406356000000000000000000000000 -0.10740458430576574000000000000000000000000 -0.1074045802995036000000000000000000000000 -0.10740459452137024000000000000000000000000 -0.10740467806163369000000000000000000000000 -0.10740458804550745000000000000000000000000 -0.0081451422054968897000000000000000000000000 -0.10740459231277209000000000000000000000000 -0.10740458952083938000000000000000000000000 -0.10740474630910785000000000000000000000000 -0.10740459238591192000000000000000000000000 -0.10740458697481707000000000000000000000000 -0.10740458478656079000000000000000000000000 -0.10740458600137073000000000000000000000000 -0.10740466495316837000000000000000000000000 -0.10740459945491374000000000000000000000000 -0.10740475745687247000000000000000000000000 -0.10740458988749095000000000000000000000000 -0.10740458462364957000000000000000000000000 -0.10740578616929275000000000000000000000000 -0.0035086494670984745000000000000000000000000 -0.00039853494211945231000000000000000000000000 -0.87538303942053297000000000000000000000000 -0.41182265040974148000000000000000000000000 / -0.96759703387252638000000000000000000000000
-0.10740501747791871000000000000000000000000 -0.1074043904911209000000000000000000000000 -0.10740441603297578000000000000000000000000 -0.10740444362994699000000000000000000000000 -0.10740440916364896000000000000000000000000 -0.10740439859897379000000000000000000000000 -0.10740586236718334000000000000000000000000 0.8925955919202222000000000000000000000000 -0.10740440651809313000000000000000000000000 -0.10740439409982944000000000000000000000000 -0.10740439009357883000000000000000000000000 -0.10740440431540549000000000000000000000000 -0.10740448785543888000000000000000000000000 -0.10740439783956048000000000000000000000000 -0.0081451196300829365000000000000000000000000 -0.10740440210681378000000000000000000000000 -0.10740439931488892000000000000000000000000 -0.10740455610272473000000000000000000000000 -0.10740440217995337000000000000000000000000 -0.10740439676887342000000000000000000000000 -0.10740439458062304000000000000000000000000 -0.10740439579542951000000000000000000000000 -0.10740447474700986000000000000000000000000 -0.10740440924893564000000000000000000000000 -0.10740456725045877000000000000000000000000 -0.10740439968153942000000000000000000000000 -0.10740439441771256000000000000000000000000 -0.1074055959600408000000000000000000000000 -0.003508640480661056000000000000000000000000 -0.0003985338310734058000000000000000000000000 -0.87538237935954366000000000000000000000000 -0.41182354024185885000000000000000000000000 / -0.96759635823998391000000000000000000000000
-0.10740501727366646000000000000000000000000 -0.10740439028687049000000000000000000000000 -0.1074044158287253000000000000000000000000 -0.10740444342569649000000000000000000000000 -0.10740440895939866000000000000000000000000 -0.10740439839472317000000000000000000000000 -0.10740586216292834000000000000000000000000 -0.10740440787552928000000000000000000000000 0.89259559368615682000000000000000000000000 -0.10740439389557907000000000000000000000000 -0.10740438988932817000000000000000000000000 -0.10740440411115525000000000000000000000000 -0.10740448765118861000000000000000000000000 -0.10740439763531032000000000000000000000000 -0.0081451196058406269000000000000000000000000 -0.10740440190256344000000000000000000000000 -0.10740439911063865000000000000000000000000 -0.10740455589847367000000000000000000000000 -0.10740440197570317000000000000000000000000 -0.10740439656462311000000000000000000000000 -0.10740439437637277000000000000000000000000 -0.10740439559117908000000000000000000000000 -0.10740447454275928000000000000000000000000 -0.10740440904468522000000000000000000000000 -0.10740456704620785000000000000000000000000 -0.10740439947728918000000000000000000000000 -0.10740439421346226000000000000000000000000 -0.10740559575578659000000000000000000000000 -0.0035086404710110907000000000000000000000000 -0.00039853382988032474000000000000000000000000 -0.87538237865074853000000000000000000000000 -0.41182354119739178000000000000000000000000 / -0.9675963575144656000000000000000000000000
-0.10740501564948839000000000000000000000000 -0.10740438866270735000000000000000000000000 -0.10740441420456158000000000000000000000000 -0.10740444180153189000000000000000000000000 -0.107404407335235000000000000000000000000 -0.10740439677055975000000000000000000000000 -0.10740586053873051000000000000000000000000 -0.10740440625136551000000000000000000000000 -0.10740440468967896000000000000000000000000 0.89259560772858426000000000000000000000000 -0.10740438826516518000000000000000000000000 -0.10740440248699176000000000000000000000000 -0.10740448602702268000000000000000000000000 -0.10740439601114699000000000000000000000000 -0.0081451194130700844000000000000000000000000 -0.10740440027839987000000000000000000000000 -0.10740439748647478000000000000000000000000 -0.10740455427430647000000000000000000000000 -0.10740440035153946000000000000000000000000 -0.10740439494045968000000000000000000000000 -0.10740439275220971000000000000000000000000 -0.1074043939670158000000000000000000000000 -0.10740447291859413000000000000000000000000 -0.10740440742052182000000000000000000000000 -0.10740456542204009000000000000000000000000 -0.10740439785312555000000000000000000000000 -0.10740439258929869000000000000000000000000 -0.10740559413159512000000000000000000000000 -0.0035086403942762271000000000000000000000000 -0.00039853382039314856000000000000000000000000 -0.87538237301453015000000000000000000000000 -0.4118235487956185000000000000000000000000 / -0.96759635174527137000000000000000000000000
-0.10740501512551306000000000000000000000000 -0.10740438813873671000000000000000000000000 -0.10740441368059091000000000000000000000000 -0.10740444127756087000000000000000000000000 -0.10740440681126422000000000000000000000000 -0.1074043962465891000000000000000000000000 -0.10740586001474861000000000000000000000000 -0.10740440572739496000000000000000000000000 -0.1074044041657083000000000000000000000000 -0.1074043917474449000000000000000000000000 0.89259561225880524000000000000000000000000 -0.10740440196302119000000000000000000000000 -0.10740448550305143000000000000000000000000 -0.10740439548717647000000000000000000000000 -0.0081451193508804646000000000000000000000000 -0.10740439975442929000000000000000000000000 -0.10740439696250433000000000000000000000000 -0.10740455375033491000000000000000000000000 -0.10740439982756873000000000000000000000000 -0.10740439441648918000000000000000000000000 -0.10740439222823898000000000000000000000000 -0.10740439344304525000000000000000000000000 -0.10740447239462277000000000000000000000000 -0.10740440689655123000000000000000000000000 -0.10740456489806827000000000000000000000000 -0.10740439732915501000000000000000000000000 -0.10740439206532779000000000000000000000000 -0.10740559360761572000000000000000000000000 -0.0035086403695208253000000000000000000000000 -0.00039853381733249423000000000000000000000000 -0.87538237119623186000000000000000000000000 -0.41182355124688008000000000000000000000000 / -0.9675963498840745000000000000000000000000
-0.10740501698557818000000000000000000000000 -0.10740438999878503000000000000000000000000 -0.10740441554063961000000000000000000000000 -0.10740444313761059000000000000000000000000 -0.10740440867131298000000000000000000000000 -0.10740439810663729000000000000000000000000 -0.10740586187483647000000000000000000000000 -0.10740440758744361000000000000000000000000 -0.10740440602575693000000000000000000000000 -0.1074043936074934000000000000000000000000 -0.10740438960124263000000000000000000000000 0.89259559617693052000000000000000000000000 -0.10740448736310204000000000000000000000000 -0.10740439734722469000000000000000000000000 -0.008145119571648006000000000000000000000000 -0.10740440161447769000000000000000000000000 -0.10740439882255255000000000000000000000000 -0.10740455561038725000000000000000000000000 -0.10740440168761735000000000000000000000000 -0.10740439627653739000000000000000000000000 -0.10740439408828714000000000000000000000000 -0.10740439530309347000000000000000000000000 -0.10740447425467319000000000000000000000000 -0.10740440875659968000000000000000000000000 -0.10740456675812134000000000000000000000000 -0.10740439918920328000000000000000000000000 -0.10740439392537626000000000000000000000000 -0.10740559546769618000000000000000000000000 -0.0035086404574002582000000000000000000000000 -0.00039853382819753807000000000000000000000000 -0.87538237765102467000000000000000000000000 -0.4118235425451256000000000000000000000000 / -0.96759635649115572000000000000000000000000
-0.10740502791174183000000000000000000000000 -0.10740440092484926000000000000000000000000 -0.10740442646670831000000000000000000000000 -0.10740445406368332000000000000000000000000 -0.1074044195973803000000000000000000000000 -0.10740440903270336000000000000000000000000 -0.10740587280113423000000000000000000000000 -0.1074044185135109000000000000000000000000 -0.10740441695182373000000000000000000000000 -0.10740440453355846000000000000000000000000 -0.10740440052730714000000000000000000000000 -0.10740441474913645000000000000000000000000 0.89259550171081681000000000000000000000000 -0.10740440827329041000000000000000000000000 -0.0081451208684533271000000000000000000000000 -0.10740441254054418000000000000000000000000 -0.10740440974861847000000000000000000000000 -0.10740456653647827000000000000000000000000 -0.10740441261368359000000000000000000000000 -0.10740440720260284000000000000000000000000 -0.10740440501435242000000000000000000000000 -0.1074044062291588000000000000000000000000 -0.10740448518075096000000000000000000000000 -0.10740441968266688000000000000000000000000 -0.10740457768421374000000000000000000000000 -0.10740441011526897000000000000000000000000 -0.10740440485144123000000000000000000000000 -0.10740560639395141000000000000000000000000 -0.0035086409736107779000000000000000000000000 -0.00039853389201963932000000000000000000000000 -0.87538241556697838000000000000000000000000 -0.41182349143034713000000000000000000000000 / -0.96759639530166586000000000000000000000000
-0.10740501613860588000000000000000000000000 -0.10740438915182035000000000000000000000000 -0.10740441469367465000000000000000000000000 -0.10740444229064529000000000000000000000000 -0.107404407824348000000000000000000000000 -0.107404397259673000000000000000000000000 -0.10740586102785393000000000000000000000000 -0.10740440674047877000000000000000000000000 -0.10740440517879207000000000000000000000000 -0.10740439276052875000000000000000000000000 -0.107404388754278000000000000000000000000 -0.10740440297610442000000000000000000000000 -0.10740448651613604000000000000000000000000 0.89259560349974054000000000000000000000000 -0.0081451194711224962000000000000000000000000 -0.10740440076751305000000000000000000000000 -0.10740439797558816000000000000000000000000 -0.10740455476342083000000000000000000000000 -0.10740440084065257000000000000000000000000 -0.10740439542957277000000000000000000000000 -0.10740439324132232000000000000000000000000 -0.10740439445612902000000000000000000000000 -0.10740447340770733000000000000000000000000 -0.10740440790963478000000000000000000000000 -0.10740456591115452000000000000000000000000 -0.1074043983422384000000000000000000000000 -0.10740439307841164000000000000000000000000 -0.10740559462071683000000000000000000000000 -0.0035086404173847491000000000000000000000000 -0.00039853382325018939000000000000000000000000 -0.87538237471186309000000000000000000000000 -0.41182354650743086000000000000000000000000 / -0.96759635348265149000000000000000000000000
-0.09879259198953548000000000000000000000000 -0.098792033171466398000000000000000000000000 -0.098792055936309409000000000000000000000000 -0.09879208053282737000000000000000000000000 -0.098792049813843125000000000000000000000000 -0.098792040397801317000000000000000000000000 -0.098793345017985618000000000000000000000000 -0.098792048847816491000000000000000000000000 -0.098792047455922488000000000000000000000000 -0.098792036387821677000000000000000000000000 -0.09879203281714645000000000000000000000000 -0.098792045492720026000000000000000000000000 -0.098792119949944968000000000000000000000000 -0.098792039720954641000000000000000000000000 0.99271485118199654000000000000000000000000 -0.098792043524255219000000000000000000000000 -0.098792041035879019000000000000000000000000 -0.098792180777104832000000000000000000000000 -0.098792043589442644000000000000000000000000 -0.09879203876667686000000000000000000000000 -0.098792036816341772000000000000000000000000 -0.098792037899069471000000000000000000000000 -0.098792108266717651000000000000000000000000 -0.098792049889857236000000000000000000000000 -0.098792190712810785000000000000000000000000 -0.098792041362666311000000000000000000000000 -0.098792036671143044000000000000000000000000 -0.098793107576129122000000000000000000000000 -0.003151824778854972000000000000000000000000 -0.00035651314658725729000000000000000000000000 -0.85050739403265929000000000000000000000000 -0.44067641779819061000000000000000000000000 / -0.93847235614868418000000000000000000000000
-0.10740501669671766000000000000000000000000 -0.10740438970992687000000000000000000000000 -0.1074044152517814000000000000000000000000 -0.10740444284875246000000000000000000000000 -0.10740440838245482000000000000000000000000 -0.10740439781777969000000000000000000000000 -0.10740586158597246000000000000000000000000 -0.10740440729858546000000000000000000000000 -0.1074044057368989000000000000000000000000 -0.10740439331863538000000000000000000000000 -0.10740438931238455000000000000000000000000 -0.10740440353421161000000000000000000000000 -0.10740448707424391000000000000000000000000 -0.1074043970583666000000000000000000000000 -0.0081451195373636806000000000000000000000000 0.89259559867438054000000000000000000000000 -0.10740439853369461000000000000000000000000 -0.10740455532152882000000000000000000000000 -0.10740440139875923000000000000000000000000 -0.10740439598767944000000000000000000000000 -0.10740439379942936000000000000000000000000 -0.10740439501423561000000000000000000000000 -0.10740447396581478000000000000000000000000 -0.10740440846774166000000000000000000000000 -0.10740456646926269000000000000000000000000 -0.10740439890034534000000000000000000000000 -0.10740439363651809000000000000000000000000 -0.10740559517883293000000000000000000000000 -0.0035086404437529332000000000000000000000000 -0.00039853382651024036000000000000000000000000 -0.87538237664862217000000000000000000000000 -0.41182354389647263000000000000000000000000 / -0.96759635546510248000000000000000000000000
-0.10740501633156324000000000000000000000000 -0.10740438934477604000000000000000000000000 -0.10740441488663033000000000000000000000000 -0.10740444248360093000000000000000000000000 -0.10740440801730398000000000000000000000000 -0.10740439745262835000000000000000000000000 -0.10740586122081371000000000000000000000000 -0.10740440693343441000000000000000000000000 -0.1074044053717476000000000000000000000000 -0.10740439295348427000000000000000000000000 -0.10740438894723356000000000000000000000000 -0.10740440316906064000000000000000000000000 -0.10740448670909231000000000000000000000000 -0.1074043966932156000000000000000000000000 -0.0081451194940242409000000000000000000000000 -0.10740440096046874000000000000000000000000 0.89259560183145636000000000000000000000000 -0.10740455495637692000000000000000000000000 -0.10740440103360829000000000000000000000000 -0.10740439562252832000000000000000000000000 -0.10740439343427839000000000000000000000000 -0.10740439464908447000000000000000000000000 -0.10740447360066327000000000000000000000000 -0.1074044081025905000000000000000000000000 -0.10740456610411048000000000000000000000000 -0.10740439853519451000000000000000000000000 -0.10740439327136725000000000000000000000000 -0.10740559481367587000000000000000000000000 -0.0035086404265010874000000000000000000000000 -0.00039853382437729452000000000000000000000000 -0.87538237538146446000000000000000000000000 -0.41182354560473833000000000000000000000000 / -0.96759635416804779000000000000000000000000
-0.10740503683778491000000000000000000000000 -0.107404409850811000000000000000000000000 -0.10740443539267294000000000000000000000000 -0.10740446298965192000000000000000000000000 -0.10740442852334429000000000000000000000000 -0.10740441795866598000000000000000000000000 -0.10740588172728623000000000000000000000000 -0.10740442743947463000000000000000000000000 -0.10740442587778741000000000000000000000000 -0.10740441345952055000000000000000000000000 -0.10740440945326855000000000000000000000000 -0.10740442367509957000000000000000000000000 -0.10740450721515642000000000000000000000000 -0.10740441719925271000000000000000000000000 -0.0081451219278683238000000000000000000000000 -0.10740442146650712000000000000000000000000 -0.10740441867458117000000000000000000000000 0.89259542453753959000000000000000000000000 -0.10740442153964659000000000000000000000000 -0.10740441612856534000000000000000000000000 -0.10740441394031447000000000000000000000000 -0.10740441515512102000000000000000000000000 -0.10740449410672369000000000000000000000000 -0.10740442860863111000000000000000000000000 -0.10740458661019822000000000000000000000000 -0.10740441904123195000000000000000000000000 -0.10740441377740334000000000000000000000000 -0.10740561532006918000000000000000000000000 -0.0035086413953249137000000000000000000000000 -0.00039853394415860711000000000000000000000000 -0.87538244654213027000000000000000000000000 -0.41182344967251949000000000000000000000000 / -0.96759642700761139000000000000000000000000
-0.10740501670628351000000000000000000000000 -0.10740438971949282000000000000000000000000 -0.10740441526134741000000000000000000000000 -0.10740444285831818000000000000000000000000 -0.10740440839202067000000000000000000000000 -0.10740439782734534000000000000000000000000 -0.10740586159553855000000000000000000000000 -0.1074044073081515000000000000000000000000 -0.10740440574646472000000000000000000000000 -0.10740439332820141000000000000000000000000 -0.10740438932195057000000000000000000000000 -0.10740440354377767000000000000000000000000 -0.10740448708380966000000000000000000000000 -0.10740439706793269000000000000000000000000 -0.008145119538499045000000000000000000000000 -0.10740440133518528000000000000000000000000 -0.10740439854326066000000000000000000000000 -0.10740455533109487000000000000000000000000 0.89259559859167703000000000000000000000000 -0.10740439599724551000000000000000000000000 -0.10740439380899551000000000000000000000000 -0.10740439502380134000000000000000000000000 -0.10740447397538093000000000000000000000000 -0.10740440847730739000000000000000000000000 -0.10740456647882834000000000000000000000000 -0.10740439890991128000000000000000000000000 -0.10740439364608399000000000000000000000000 -0.10740559518839922000000000000000000000000 -0.0035086404442048877000000000000000000000000 -0.0003985338265661177000000000000000000000000 -0.87538237668181662000000000000000000000000 -0.41182354385172315000000000000000000000000 / -0.96759635549908141000000000000000000000000
-0.10740501599857152000000000000000000000000 -0.10740438901178684000000000000000000000000 -0.10740441455364129000000000000000000000000 -0.10740444215061183000000000000000000000000 -0.10740440768431476000000000000000000000000 -0.10740439711963963000000000000000000000000 -0.10740586088781773000000000000000000000000 -0.10740440660044527000000000000000000000000 -0.10740440503875888000000000000000000000000 -0.10740439262049524000000000000000000000000 -0.10740438861424463000000000000000000000000 -0.10740440283607161000000000000000000000000 -0.10740448637610288000000000000000000000000 -0.10740439636022651000000000000000000000000 -0.0081451194545020707000000000000000000000000 -0.10740440062748002000000000000000000000000 -0.10740439783555496000000000000000000000000 -0.10740455462338726000000000000000000000000 -0.10740440070061898000000000000000000000000 0.89259560471046007000000000000000000000000 -0.10740439310128902000000000000000000000000 -0.10740439431609559000000000000000000000000 -0.10740447326767419000000000000000000000000 -0.10740440776960145000000000000000000000000 -0.10740456577112104000000000000000000000000 -0.10740439820220542000000000000000000000000 -0.10740439293837803000000000000000000000000 -0.10740559448068092000000000000000000000000 -0.0035086404107687683000000000000000000000000 -0.00039853382243221658000000000000000000000000 -0.87538237422591447000000000000000000000000 -0.4118235471625411000000000000000000000000 / -0.96759635298523883000000000000000000000000
-0.1074050157123714000000000000000000000000 -0.10740438872558949000000000000000000000000 -0.10740441426744379000000000000000000000000 -0.10740444186441417000000000000000000000000 -0.10740440739811746000000000000000000000000 -0.10740439683344197000000000000000000000000 -0.10740586060161419000000000000000000000000 -0.10740440631424805000000000000000000000000 -0.10740440475256142000000000000000000000000 -0.10740439233429805000000000000000000000000 -0.10740438832804733000000000000000000000000 -0.10740440254987402000000000000000000000000 -0.10740448608990508000000000000000000000000 -0.10740439607402917000000000000000000000000 -0.0081451194205335344000000000000000000000000 -0.10740440034128229000000000000000000000000 -0.10740439754935709000000000000000000000000 -0.10740455433718898000000000000000000000000 -0.10740440041442174000000000000000000000000 -0.10740439500334191000000000000000000000000 0.89259560718490782000000000000000000000000 -0.10740439402989813000000000000000000000000 -0.10740447298147632000000000000000000000000 -0.10740440748340378000000000000000000000000 -0.10740456548492286000000000000000000000000 -0.10740439791600796000000000000000000000000 -0.10740439265218094000000000000000000000000 -0.10740559419447873000000000000000000000000 -0.0035086403972471453000000000000000000000000 -0.00039853382076046021000000000000000000000000 -0.87538237323274481000000000000000000000000 -0.41182354850144171000000000000000000000000 / -0.9675963519686358000000000000000000000000
-0.10740501587125512000000000000000000000000 -0.10740438888447222000000000000000000000000 -0.10740441442632641000000000000000000000000 -0.10740444202329674000000000000000000000000 -0.10740440755699984000000000000000000000000 -0.10740439699232449000000000000000000000000 -0.10740586076050002000000000000000000000000 -0.10740440647313068000000000000000000000000 -0.10740440491144389000000000000000000000000 -0.10740439249318019000000000000000000000000 -0.10740438848692982000000000000000000000000 -0.10740440270875634000000000000000000000000 -0.10740448624878786000000000000000000000000 -0.10740439623291179000000000000000000000000 -0.0081451194393911529000000000000000000000000 -0.10740440050016441000000000000000000000000 -0.10740439770823967000000000000000000000000 -0.1074045544960716000000000000000000000000 -0.1074044005733041000000000000000000000000 -0.10740439516222447000000000000000000000000 -0.10740439297397419000000000000000000000000 0.89259560581121922000000000000000000000000 -0.10740447314035918000000000000000000000000 -0.10740440764228651000000000000000000000000 -0.10740456564380559000000000000000000000000 -0.1074043980748903000000000000000000000000 -0.10740439281106327000000000000000000000000 -0.10740559435336369000000000000000000000000 -0.0035086404047536658000000000000000000000000 -0.00039853382168853553000000000000000000000000 -0.87538237378410411000000000000000000000000 -0.41182354775815122000000000000000000000000 / -0.96759635253300125000000000000000000000000
-0.10740502619729539000000000000000000000000 -0.10740439921041836000000000000000000000000 -0.10740442475227654000000000000000000000000 -0.10740445234925104000000000000000000000000 -0.10740441788294888000000000000000000000000 -0.10740440731827205000000000000000000000000 -0.10740587108666659000000000000000000000000 -0.1074044167990795000000000000000000000000 -0.10740441523739255000000000000000000000000 -0.10740440281912744000000000000000000000000 -0.107404398812876000000000000000000000000 -0.10740441303470484000000000000000000000000 -0.10740449657474863000000000000000000000000 -0.10740440655885902000000000000000000000000 -0.0081451206649689259000000000000000000000000 -0.10740441082611277000000000000000000000000 -0.10740440803418722000000000000000000000000 -0.10740456482204283000000000000000000000000 -0.10740441089925225000000000000000000000000 -0.10740440548817158000000000000000000000000 -0.10740440329992125000000000000000000000000 -0.10740440451472757000000000000000000000000 0.89259551653368141000000000000000000000000 -0.10740441796823559000000000000000000000000 -0.10740457596977833000000000000000000000000 -0.1074044084008378000000000000000000000000 -0.10740440313701022000000000000000000000000 -0.10740560467949042000000000000000000000000 -0.0035086408926111312000000000000000000000000 -0.00039853388200518261000000000000000000000000 -0.87538240961750846000000000000000000000000 -0.41182349945087166000000000000000000000000 / -0.96759638921182844000000000000000000000000
-0.1074050176308322000000000000000000000000 -0.10740439064403251000000000000000000000000 -0.10740441618588788000000000000000000000000 -0.10740444378285886000000000000000000000000 -0.10740440931656106000000000000000000000000 -0.10740439875188536000000000000000000000000 -0.1074058625200983000000000000000000000000 -0.10740440823269172000000000000000000000000 -0.10740440667100504000000000000000000000000 -0.10740439425274108000000000000000000000000 -0.10740439024649073000000000000000000000000 -0.10740440446831764000000000000000000000000 -0.10740448800835085000000000000000000000000 -0.1074043979924726000000000000000000000000 -0.0081451196482319067000000000000000000000000 -0.10740440225972563000000000000000000000000 -0.1074043994678007000000000000000000000000 -0.10740455625563711000000000000000000000000 -0.10740440233286544000000000000000000000000 -0.10740439692178536000000000000000000000000 -0.10740439473353514000000000000000000000000 -0.10740439594834143000000000000000000000000 -0.10740447489992186000000000000000000000000 0.89259559059815108000000000000000000000000 -0.10740456740337104000000000000000000000000 -0.10740439983445138000000000000000000000000 -0.1074043945706241000000000000000000000000 -0.10740559611295532000000000000000000000000 -0.0035086404878854997000000000000000000000000 -0.00039853383196660592000000000000000000000000 -0.87538237989018386000000000000000000000000 -0.41182353952650069000000000000000000000000 / -0.96759635878314154000000000000000000000000
-0.10740503829579429000000000000000000000000 -0.10740441130880737000000000000000000000000 -0.10740443685067011000000000000000000000000 -0.10740446444764963000000000000000000000000 -0.10740442998134112000000000000000000000000 -0.10740441941666247000000000000000000000000 -0.10740588318531404000000000000000000000000 -0.1074044288974715000000000000000000000000 -0.10740442733578424000000000000000000000000 -0.10740441491751707000000000000000000000000 -0.10740441091126521000000000000000000000000 -0.10740442513309648000000000000000000000000 -0.10740450867315478000000000000000000000000 -0.10740441865724974000000000000000000000000 -0.0081451221009167223000000000000000000000000 -0.10740442292450386000000000000000000000000 -0.10740442013257791000000000000000000000000 -0.10740457692046101000000000000000000000000 -0.10740442299764327000000000000000000000000 -0.10740441758656176000000000000000000000000 -0.10740441539831085000000000000000000000000 -0.10740441661311761000000000000000000000000 -0.10740449556472181000000000000000000000000 -0.10740443006662818000000000000000000000000 0.89259541193180147000000000000000000000000 -0.10740442049922892000000000000000000000000 -0.10740441523539997000000000000000000000000 -0.1074056167780912000000000000000000000000 -0.0035086414642091159000000000000000000000000 -0.00039853395267516186000000000000000000000000 -0.87538245160171801000000000000000000000000 -0.41182344285165468000000000000000000000000 / -0.96759643218656644000000000000000000000000
-0.1074050163795173000000000000000000000000 -0.10740438939272942000000000000000000000000 -0.10740441493458414000000000000000000000000 -0.10740444253155448000000000000000000000000 -0.10740440806525739000000000000000000000000 -0.10740439750058209000000000000000000000000 -0.10740586126876821000000000000000000000000 -0.1074044069813879000000000000000000000000 -0.10740440541970142000000000000000000000000 -0.10740439300143793000000000000000000000000 -0.10740438899518732000000000000000000000000 -0.10740440321701433000000000000000000000000 -0.10740448675704607000000000000000000000000 -0.107404396741169000000000000000000000000 -0.0081451194997158027000000000000000000000000 -0.10740440100842218000000000000000000000000 -0.10740439821649714000000000000000000000000 -0.10740455500433051000000000000000000000000 -0.10740440108156185000000000000000000000000 -0.10740439567048204000000000000000000000000 -0.10740439348223194000000000000000000000000 -0.10740439469703829000000000000000000000000 -0.10740447364861726000000000000000000000000 -0.10740440815054414000000000000000000000000 -0.10740456615206434000000000000000000000000 0.8925956014168509000000000000000000000000 -0.10740439331932089000000000000000000000000 -0.10740559486163022000000000000000000000000 -0.003508640428766694000000000000000000000000 -0.00039853382465740466000000000000000000000000 -0.87538237554787479000000000000000000000000 -0.41182354538039923000000000000000000000000 / -0.9675963543383842000000000000000000000000
-0.10740501569106446000000000000000000000000 -0.10740438870428276000000000000000000000000 -0.10740441424613695000000000000000000000000 -0.10740444184310728000000000000000000000000 -0.1074044073768106000000000000000000000000 -0.10740439681213516000000000000000000000000 -0.10740586058030691000000000000000000000000 -0.10740440629294098000000000000000000000000 -0.10740440473125465000000000000000000000000 -0.10740439231299125000000000000000000000000 -0.1074043883067405000000000000000000000000 -0.10740440252856724000000000000000000000000 -0.10740448606859827000000000000000000000000 -0.10740439605272252000000000000000000000000 -0.0081451194180046527000000000000000000000000 -0.10740440031997535000000000000000000000000 -0.10740439752805048000000000000000000000000 -0.10740455431588235000000000000000000000000 -0.10740440039311495000000000000000000000000 -0.1074043949820352000000000000000000000000 -0.10740439279378484000000000000000000000000 -0.10740439400859127000000000000000000000000 -0.10740447296016956000000000000000000000000 -0.10740440746209719000000000000000000000000 -0.10740456546361574000000000000000000000000 -0.10740439789470119000000000000000000000000 0.89259560736912724000000000000000000000000 -0.10740559417317146000000000000000000000000 -0.0035086403962404935000000000000000000000000 -0.00039853382063600171000000000000000000000000 -0.87538237315880663000000000000000000000000 -0.41182354860112053000000000000000000000000 / -0.9675963518929499000000000000000000000000
-0.10740517284160253000000000000000000000000 -0.10740454585339228000000000000000000000000 -0.10740457139530445000000000000000000000000 -0.10740459899233784000000000000000000000000 -0.10740456452596241000000000000000000000000 -0.10740455396126308000000000000000000000000 -0.10740601773277095000000000000000000000000 -0.10740456344209047000000000000000000000000 -0.10740456188040017000000000000000000000000 -0.10740454946210887000000000000000000000000 -0.10740454545584896000000000000000000000000 -0.10740455967770787000000000000000000000000 -0.10740464321792956000000000000000000000000 -0.10740455320184848000000000000000000000000 -0.0081451380699214711000000000000000000000000 -0.10740455746911123000000000000000000000000 -0.10740455467717984000000000000000000000000 -0.10740471146536902000000000000000000000000 -0.10740455754225081000000000000000000000000 -0.10740455213115868000000000000000000000000 -0.1074045499429036000000000000000000000000 -0.10740455115771266000000000000000000000000 -0.10740463010947096000000000000000000000000 -0.1074045646112491000000000000000000000000 -0.10740472261312793000000000000000000000000 -0.10740455504383133000000000000000000000000 -0.10740454977999221000000000000000000000000 0.89259424867497239000000000000000000000000 -0.0035086478208796183000000000000000000000000 -0.0003985347385876391000000000000000000000000 -0.87538291850411687000000000000000000000000 -0.41182281341771881000000000000000000000000 / -0.96759691010377125000000000000000000000000
-1.1288357821791484000000000000000000000000 -1.1288294280240547000000000000000000000000 -1.128829686875813000000000000000000000000 -1.128829966555017000000000000000000000000 -1.1288296172592005000000000000000000000000 -1.1288295101923937000000000000000000000000 -1.1288443446871461000000000000000000000000 -1.12882960627482000000000000000000000000 -1.1288295904480361000000000000000000000000 -1.1288294645962031000000000000000000000000 -1.1288294239951973000000000000000000000000 -1.1288295681250906000000000000000000000000 -1.1288304147546597000000000000000000000000 -1.1288295024961914000000000000000000000000 -0.062811049691672838000000000000000000000000 -1.1288295457423037000000000000000000000000 -1.1288295174477749000000000000000000000000 -1.128831106401438000000000000000000000000 -1.1288295464835301000000000000000000000000 -1.1288294916454018000000000000000000000000 -1.1288294694687679000000000000000000000000 -1.1288294817801166000000000000000000000000 -1.128830281908342000000000000000000000000 -1.1288296181235333000000000000000000000000 -1.1288312193772998000000000000000000000000 -1.1288295211635675000000000000000000000000 -1.1288294678177577000000000000000000000000 -1.1288416447866201000000000000000000000000 0.96715364304089368000000000000000000000000 -0.0028883065856788806000000000000000000000000 -0.31604533033526921000000000000000000000000 2.3875314858582759000000000000000000000000 / -0.45346975995130662000000000000000000000000
0.09591919134656203000000000000000000000000 0.095920582467663537000000000000000000000000 0.095920525797567435000000000000000000000000 0.095920464567691252000000000000000000000000 0.095920541038650692000000000000000000000000 0.09592056447865506000000000000000000000000 0.095917316703331409000000000000000000000000 0.095920543443448567000000000000000000000000 0.095920546908386944000000000000000000000000 0.095920574460971436000000000000000000000000 0.095920583349696165000000000000000000000000 0.095920551795522363000000000000000000000000 0.095920366443693159000000000000000000000000 0.095920566163575652000000000000000000000000 -0.061618937740986354000000000000000000000000 0.095920556695758316000000000000000000000000 0.095920562890243907000000000000000000000000 0.095920215021725291000000000000000000000000 0.095920556533482554000000000000000000000000 0.095920568539124978000000000000000000000000 0.095920573394226924000000000000000000000000 0.095920570698918822000000000000000000000000 0.095920395527648195000000000000000000000000 0.095920540849423822000000000000000000000000 0.095920190287930057000000000000000000000000 0.095920562076750496000000000000000000000000 0.095920573755680236000000000000000000000000 0.095917907814999259000000000000000000000000 -0.017658771517592611000000000000000000000000 0.99663521982355152000000000000000000000000 -0.57941375862295152000000000000000000000000 0.39848692900894334000000000000000000000000 / -0.48567335145529872000000000000000000000000
0.079635958603372886000000000000000000000000 0.079634772373975635000000000000000000000000 0.079634820697590564000000000000000000000000 0.079634872909394236000000000000000000000000 0.079634807701244925000000000000000000000000 0.079634787713529873000000000000000000000000 0.079637557123696481000000000000000000000000 0.079634805650630469000000000000000000000000 0.079634802696015305000000000000000000000000 0.07963477920142796000000000000000000000000 0.079634771621850314000000000000000000000000 0.079634798528666409000000000000000000000000 0.079634956581431077000000000000000000000000 0.07963478627676758000000000000000000000000 0.065133862230525669000000000000000000000000 0.07963479435014674000000000000000000000000 0.079634789067996606000000000000000000000000 0.079635085701476691000000000000000000000000 0.079634794488522412000000000000000000000000 0.07963478425109341000000000000000000000000 0.079634780111060038000000000000000000000000 0.079634782409398142000000000000000000000000 0.079634931781042209000000000000000000000000 0.079634807862602394000000000000000000000000 0.079635106792386751000000000000000000000000 0.079634789761677413000000000000000000000000 0.07963477980284242000000000000000000000000 0.079637053080901243000000000000000000000000 0.021400712540525588000000000000000000000000 0.0035254488275562198000000000000000000000000 0.53562495926369291000000000000000000000000 -0.90241970814134087000000000000000000000000 / -0.51093716045707949000000000000000000000000
0.074095132476279829000000000000000000000000 0.074094599840670322000000000000000000000000 0.0740946215388225000000000000000000000000 0.074094644982830984000000000000000000000000 0.074094615703235542000000000000000000000000 0.074094606728400611000000000000000000000000 0.074095850229632054000000000000000000000000 0.074094614782473978000000000000000000000000 0.074094613455799971000000000000000000000000 0.074094602906316989000000000000000000000000 0.074094599502953051000000000000000000000000 0.074094611584587161000000000000000000000000 0.074094682553013033000000000000000000000000 0.074094606083269135000000000000000000000000 0.014653375789999779000000000000000000000000 0.074094609708358461000000000000000000000000 0.074094607336580229000000000000000000000000 0.074094740530085829000000000000000000000000 0.074094609770491593000000000000000000000000 0.07409460517370578000000000000000000000000 0.07409460331475784000000000000000000000000 0.074094604346752149000000000000000000000000 0.074094671417214611000000000000000000000000 0.074094615775687905000000000000000000000000 0.074094750000253798000000000000000000000000 0.074094607648054964000000000000000000000000 0.074094603176362739000000000000000000000000 0.074095623909738201000000000000000000000000 0.0059138659925415801000000000000000000000000 0.00072607952008780878000000000000000000000000 0.31445538254564231000000000000000000000000 0.19036896753770707000000000000000000000000 / 0.3123281597186861000000000000000000000000
/
