3
72
2 32
0.10000000000000001000000000000000000000000 0.20000000000000001000000000000000000000000
/
2
1
0.153656005859375000000000000000000000000 / -0.9190673828125000000000000000000000000
-0.376617431640625000000000000000000000000 / 0.66522216796875000000000000000000000000
/
38
2
-0.046451942258534759000000000000000000000000 -0.044767822219092521000000000000000000000000 / -0.27217083427148087000000000000000000000000
0.12469902991232437000000000000000000000000 0.029671729203237619000000000000000000000000 / 0.15559838680038082000000000000000000000000
-0.5541124442406008000000000000000000000000 0.27053625195429154000000000000000000000000 / -0.62685887216446523000000000000000000000000
-0.069401949732934565000000000000000000000000 -0.21417449346733311000000000000000000000000 / -0.14214803201569162000000000000000000000000
-0.39917602796865137000000000000000000000000 0.11559816016630907000000000000000000000000 / -0.47192014780259733000000000000000000000000
0.073390122184901388000000000000000000000000 -0.35696615671974846000000000000000000000000 / 0.00064347695470812454000000000000000000000000
-0.074230542321451612000000000000000000000000 -0.20935450020705776000000000000000000000000 / -0.14696477819815179000000000000000000000000
-0.38194252609433599000000000000000000000000 0.098366226416269673000000000000000000000000 / -0.45468880608310897000000000000000000000000
-0.39698780743271922000000000000000000000000 0.11341136223884296000000000000000000000000 / -0.46973388696906854000000000000000000000000
-0.45544203929189497000000000000000000000000 0.17186193838551225000000000000000000000000 / -0.52818308286949955000000000000000000000000
0.17176830872765919000000000000000000000000 -0.4553447379664608000000000000000000000000 / 0.099022207212148952000000000000000000000000
-0.035375178467410152000000000000000000000000 -0.24820167904092968000000000000000000000000 / -0.10812069002668268000000000000000000000000
0.099532780444519103000000000000000000000000 -0.38310974073061588000000000000000000000000 / 0.026787410465484867000000000000000000000000
0.043624964807938017000000000000000000000000 -0.32720143615686864000000000000000000000000 / -0.029121078699241128000000000000000000000000
0.71035270037171117000000000000000000000000 -0.99392912914588538000000000000000000000000 / 0.63760659821677723000000000000000000000000
0.0080414641097848079000000000000000000000000 -0.29161794126864238000000000000000000000000 / -0.064704571394042024000000000000000000000000
0.09477222313793944000000000000000000000000 -0.37834895013938774000000000000000000000000 / 0.022026531800776527000000000000000000000000
-0.46910101732863685000000000000000000000000 0.18552435411048646000000000000000000000000 / -0.54184679652966339000000000000000000000000
-0.37331650855603915000000000000000000000000 0.089739849835298452000000000000000000000000 / -0.44606229395243213000000000000000000000000
-0.54718540187831832000000000000000000000000 0.26360864446112348000000000000000000000000 / -0.61993105131683024000000000000000000000000
0.045109741819306576000000000000000000000000 -0.32868673277019816000000000000000000000000 / -0.027635585917677868000000000000000000000000
-0.20242786245777028000000000000000000000000 -0.08114831535512726000000000000000000000000 / -0.27517431031926398000000000000000000000000
0.059554169084000776000000000000000000000000 -0.34313186628598419000000000000000000000000 / -0.013190185760623906000000000000000000000000
0.040114988989451823000000000000000000000000 -0.32369203362217297000000000000000000000000 / -0.032630264799138949000000000000000000000000
-0.19337683974903819000000000000000000000000 -0.72803910179818554000000000000000000000000 / -0.012720123377312941000000000000000000000000
0.5347826478055745000000000000000000000000 0.45390992133321179000000000000000000000000 / -0.11331291201927203000000000000000000000000
-0.27725174497530491000000000000000000000000 -0.4502587193075348000000000000000000000000 / -0.37420936691034712000000000000000000000000
-0.17151851362172069000000000000000000000000 -0.19307488131084938000000000000000000000000 / -0.55814694386099617000000000000000000000000
7.6472405257891767000000000000000000000000 -3.4422436183732033000000000000000000000000 / -11.282904554318675000000000000000000000000
6.0856339667648083000000000000000000000000 -0.13899180991706181000000000000000000000000 / -6.3919841751194051000000000000000000000000
1.0072685298636308000000000000000000000000 0.41504886257768875000000000000000000000000 / -2.082576112598419000000000000000000000000
0.63883529454451515000000000000000000000000 1.2924834818897233000000000000000000000000 / 1.3910444275795606000000000000000000000000
0.098139030402011787000000000000000000000000 0.1826941074084403000000000000000000000000 / -0.55632930332751873000000000000000000000000
0.32167169167121323000000000000000000000000 -0.00097295201811438805000000000000000000000000 / -0.59820345612621906000000000000000000000000
-0.15674256907260584000000000000000000000000 -0.15904106840102161000000000000000000000000 / 0.059348723537858451000000000000000000000000
-0.0078471101823864662000000000000000000000000 -0.20405557464059224000000000000000000000000 / -0.57670606678318059000000000000000000000000
-0.052221612872418735000000000000000000000000 -0.055048984299033613000000000000000000000000 / 0.067458343867583939000000000000000000000000
0.011100127196711131000000000000000000000000 -0.090417231039298704000000000000000000000000 / -0.68854878918679963000000000000000000000000
/
32
38
0.10020762837983245000000000000000000000000 -0.03887383847016234000000000000000000000000 -0.078673011193133718000000000000000000000000 -0.078673014063778329000000000000000000000000 -0.07867303036247672000000000000000000000000 -0.078673009388344803000000000000000000000000 -0.078673112452031166000000000000000000000000 -0.078673012421777641000000000000000000000000 -0.078673014086589152000000000000000000000000 -0.078673055911724424000000000000000000000000 -0.07867301390404606000000000000000000000000 -0.078673018803796124000000000000000000000000 -0.078673019979662362000000000000000000000000 -0.078673014385822915000000000000000000000000 -0.078673013898735752000000000000000000000000 -0.078673014452290552000000000000000000000000 -0.07867301731069036000000000000000000000000 -0.078673016580958113000000000000000000000000 -0.078673016529503884000000000000000000000000 -0.078673017658670769000000000000000000000000 -0.078673020330491922000000000000000000000000 -0.078673011027548423000000000000000000000000 -0.078673028410642318000000000000000000000000 -0.078673020944656585000000000000000000000000 -0.082358036082108094000000000000000000000000 -0.15755655437457383000000000000000000000000 -0.069702398108530947000000000000000000000000 -0.14788399472457489000000000000000000000000 -0.11306052378256504000000000000000000000000 -0.071420541072316698000000000000000000000000 -0.60586509975168124000000000000000000000000 -0.75655476777337438000000000000000000000000 0.42884639160368548000000000000000000000000 -0.050507622525920198000000000000000000000000 0.17004831560568051000000000000000000000000 -0.046730372035699588000000000000000000000000 0.087622564641411535000000000000000000000000 -0.025260729707760436000000000000000000000000 / -0.83741465344560584000000000000000000000000
-0.0051970094277380497000000000000000000000000 0.082709553729093388000000000000000000000000 -0.079001316687198272000000000000000000000000 -0.079001319359683964000000000000000000000000 -0.079001334533311179000000000000000000000000 -0.079001315006994269000000000000000000000000 -0.079001410956823323000000000000000000000000 -0.079001317831026707000000000000000000000000 -0.079001319380919546000000000000000000000000 -0.079001358318992701000000000000000000000000 -0.079001319210975279000000000000000000000000 -0.079001323772502421000000000000000000000000 -0.079001324867196479000000000000000000000000 -0.079001319659494862000000000000000000000000 -0.07900131920603401000000000000000000000000 -0.079001319721377861000000000000000000000000 -0.079001322382461478000000000000000000000000 -0.079001321703104768000000000000000000000000 -0.07900132165519852000000000000000000000000 -0.079001322706424251000000000000000000000000 -0.079001325193813379000000000000000000000000 -0.079001316533042459000000000000000000000000 -0.07900133271620742000000000000000000000000 -0.07900132576557746000000000000000000000000 -0.082410721151962796000000000000000000000000 -0.16047605160552883000000000000000000000000 -0.11108857744595797000000000000000000000000 -0.13701846497219253000000000000000000000000 -0.11538298336405817000000000000000000000000 -0.074234518106108316000000000000000000000000 -0.60860599585915964000000000000000000000000 -0.75957891200643135000000000000000000000000 -0.089893321841867851000000000000000000000000 0.38857502948623807000000000000000000000000 0.0085747862825212087000000000000000000000000 0.20302372820623113000000000000000000000000 -0.018995666259442389000000000000000000000000 0.10961029114910391000000000000000000000000 / -0.84044254307133404000000000000000000000000
-0.011431084279640813000000000000000000000000 -0.017068810966880767000000000000000000000000 0.91822555675591178000000000000000000000000 -0.081774445982940563000000000000000000000000 -0.081774461533360959000000000000000000000000 -0.081774441522170102000000000000000000000000 -0.081774539855039435000000000000000000000000 -0.081774444416323991000000000000000000000000 -0.081774446004705376000000000000000000000000 -0.081774485909751657000000000000000000000000 -0.081774445830540679000000000000000000000000 -0.081774450505337784000000000000000000000000 -0.081774451627213793000000000000000000000000 -0.081774446290198102000000000000000000000000 -0.081774445825477604000000000000000000000000 -0.081774446353615873000000000000000000000000 -0.081774449080781686000000000000000000000000 -0.081774448384556636000000000000000000000000 -0.081774448335460756000000000000000000000000 -0.081774449412784542000000000000000000000000 -0.081774451961943689000000000000000000000000 -0.081774443086110205000000000000000000000000 -0.081774459671135585000000000000000000000000 -0.08177445254790619000000000000000000000000 -0.083453870165302577000000000000000000000000 -0.082350547489558501000000000000000000000000 -0.070939563313076728000000000000000000000000 -0.078131355716179435000000000000000000000000 -0.030312819555547682000000000000000000000000 0.0055688702289405515000000000000000000000000 -0.52836730014703148000000000000000000000000 -0.68244091678331653000000000000000000000000 -0.046937022455799296000000000000000000000000 -0.044622958415532946000000000000000000000000 -0.023560356405851978000000000000000000000000 -0.019643306377752894000000000000000000000000 -0.014175447588287343000000000000000000000000 -0.010852756019754781000000000000000000000000 / -0.76334894584286594000000000000000000000000
-0.011431083779368528000000000000000000000000 -0.017068811462889855000000000000000000000000 -0.081774446364517459000000000000000000000000 0.91822555089664748000000000000000000000000 -0.081774464653788431000000000000000000000000 -0.081774444642594382000000000000000000000000 -0.081774542975482506000000000000000000000000 -0.081774447536747216000000000000000000000000 -0.08177444912513103000000000000000000000000 -0.081774489030184985000000000000000000000000 -0.081774448950964529000000000000000000000000 -0.081774453625761884000000000000000000000000 -0.081774454747639572000000000000000000000000 -0.081774449410623923000000000000000000000000 -0.08177444894589711000000000000000000000000 -0.081774449474041278000000000000000000000000 -0.081774452201208811000000000000000000000000 -0.081774451504974408000000000000000000000000 -0.081774451455884981000000000000000000000000 -0.081774452533213443000000000000000000000000 -0.081774455082370745000000000000000000000000 -0.081774446206533208000000000000000000000000 -0.081774462791559852000000000000000000000000 -0.081774455668331844000000000000000000000000 -0.083453873897220129000000000000000000000000 -0.082350548627740772000000000000000000000000 -0.070939565015005604000000000000000000000000 -0.078131357392099407000000000000000000000000 -0.030312810919662449000000000000000000000000 0.0055688786600347285000000000000000000000000 -0.52836730237523277000000000000000000000000 -0.68244091859354439000000000000000000000000 -0.046937024446678841000000000000000000000000 -0.044622960300742684000000000000000000000000 -0.023560356667827496000000000000000000000000 -0.019643306548875094000000000000000000000000 -0.014175447005352646000000000000000000000000 -0.01085275568980521000000000000000000000000 / -0.76334894791075336000000000000000000000000
-0.011431080939049012000000000000000000000000 -0.017068814279117744000000000000000000000000 -0.081774464081520892000000000000000000000000 -0.081774466820376146000000000000000000000000 0.91822551762919169000000000000000000000000 -0.081774462359596373000000000000000000000000 -0.081774560692632892000000000000000000000000 -0.081774465253755008000000000000000000000000 -0.081774466842138419000000000000000000000000 -0.081774506747255282000000000000000000000000 -0.081774466667974388000000000000000000000000 -0.081774471342778834000000000000000000000000 -0.081774472464656384000000000000000000000000 -0.081774467127632366000000000000000000000000 -0.081774466662907622000000000000000000000000 -0.081774467191049777000000000000000000000000 -0.081774469918220766000000000000000000000000 -0.081774469221991941000000000000000000000000 -0.081774469172901515000000000000000000000000 -0.081774470250222581000000000000000000000000 -0.081774472799386641000000000000000000000000 -0.081774463923536947000000000000000000000000 -0.081774480508595607000000000000000000000000 -0.081774473385352597000000000000000000000000 -0.083453895086089872000000000000000000000000 -0.08235055509014437000000000000000000000000 -0.070939574678144685000000000000000000000000 -0.07813136690758514000000000000000000000000 -0.030312761887389971000000000000000000000000 0.005568926529443346000000000000000000000000 -0.52836731502650425000000000000000000000000 -0.68244092887173757000000000000000000000000 -0.04693703575039411000000000000000000000000 -0.04462297100449427000000000000000000000000 -0.023560358155323483000000000000000000000000 -0.019643307520518842000000000000000000000000 -0.014175443695730684000000000000000000000000 -0.010852753816513705000000000000000000000000 / -0.76334895965166605000000000000000000000000
-0.011431084594168106000000000000000000000000 -0.017068810655037941000000000000000000000000 -0.081774441282276594000000000000000000000000 -0.081774444021122467000000000000000000000000 -0.081774459571540878000000000000000000000000 0.91822556043961101000000000000000000000000 -0.081774537893200744000000000000000000000000 -0.081774442454505686000000000000000000000000 -0.081774444042881519000000000000000000000000 -0.081774483947925622000000000000000000000000 -0.081774443868723928000000000000000000000000 -0.081774448543515788000000000000000000000000 -0.081774449665394031000000000000000000000000 -0.081774444328378465000000000000000000000000 -0.081774443863658342000000000000000000000000 -0.081774444391796361000000000000000000000000 -0.081774447118961036000000000000000000000000 -0.081774446422733224000000000000000000000000 -0.081774446373641133000000000000000000000000 -0.081774447450967652000000000000000000000000 -0.081774450000121804000000000000000000000000 -0.081774441124290859000000000000000000000000 -0.081774457709313256000000000000000000000000 -0.081774450586087732000000000000000000000000 -0.083453867819028082000000000000000000000000 -0.082350546773989453000000000000000000000000 -0.070939562243063289000000000000000000000000 -0.078131354662522912000000000000000000000000 -0.030312824984968137000000000000000000000000 0.005568864928268533000000000000000000000000 -0.52836729874616273000000000000000000000000 -0.68244091564517761000000000000000000000000 -0.046937021204127446000000000000000000000000 -0.044622957230293483000000000000000000000000 -0.023560356241150288000000000000000000000000 -0.01964330627017024000000000000000000000000 -0.01417544795478572000000000000000000000000 -0.010852756227198336000000000000000000000000 / -0.76334894454280633000000000000000000000000
-0.011431066635643994000000000000000000000000 -0.017068828463897873000000000000000000000000 -0.081774553317914819000000000000000000000000 -0.081774556056789585000000000000000000000000 -0.081774571607348107000000000000000000000000 -0.081774551595978157000000000000000000000000 0.91822535007026851000000000000000000000000 -0.081774554490159052000000000000000000000000 -0.081774556078548152000000000000000000000000 -0.081774595983963611000000000000000000000000 -0.081774555904386037000000000000000000000000 -0.081774560579228953000000000000000000000000 -0.081774561701115883000000000000000000000000 -0.081774556364046722000000000000000000000000 -0.081774555899319562000000000000000000000000 -0.081774556427466602000000000000000000000000 -0.081774559154655452000000000000000000000000 -0.081774558458420368000000000000000000000000 -0.081774558409328901000000000000000000000000 -0.081774559486664969000000000000000000000000 -0.08177456203584485000000000000000000000000 -0.081774553159929875000000000000000000000000 -0.081774569745105302000000000000000000000000 -0.081774562621812028000000000000000000000000 -0.083454001807840739000000000000000000000000 -0.08235058764199378000000000000000000000000 -0.070939623348507466000000000000000000000000 -0.07813141483454529000000000000000000000000 -0.030312514928047117000000000000000000000000 0.0055691676289385773000000000000000000000000 -0.52836737874894801000000000000000000000000 -0.68244098064274172000000000000000000000000 -0.046937092684154219000000000000000000000000 -0.044623024916372357000000000000000000000000 -0.023560365649044894000000000000000000000000 -0.019643312415798274000000000000000000000000 -0.01417542702939667000000000000000000000000 -0.010852744383218845000000000000000000000000 / -0.76334901878991179000000000000000000000000
-0.011431084065523059000000000000000000000000 -0.017068811179173322000000000000000000000000 -0.081774444579641989000000000000000000000000 -0.081774447318486182000000000000000000000000 -0.081774462868910755000000000000000000000000 -0.081774442857715957000000000000000000000000 -0.081774541190595004000000000000000000000000 0.91822555424811636000000000000000000000000 -0.08177444734025055000000000000000000000000 -0.081774487245299801000000000000000000000000 -0.081774447166085812000000000000000000000000 -0.081774451840888024000000000000000000000000 -0.081774452962764296000000000000000000000000 -0.081774447625747274000000000000000000000000 -0.081774447161022931000000000000000000000000 -0.081774447689163629000000000000000000000000 -0.081774450416329886000000000000000000000000 -0.081774449720101602000000000000000000000000 -0.08177444967100779000000000000000000000000 -0.081774450748334115000000000000000000000000 -0.081774453297491972000000000000000000000000 -0.081774444421657946000000000000000000000000 -0.081774461006684784000000000000000000000000 -0.081774453883456111000000000000000000000000 -0.083453871762568965000000000000000000000000 -0.082350547976702299000000000000000000000000 -0.070939564041506212000000000000000000000000 -0.078131356433475518000000000000000000000000 -0.030312815859372538000000000000000000000000 0.0055688738374654522000000000000000000000000 -0.52836730110072316000000000000000000000000 -0.68244091755806935000000000000000000000000 -0.046937023307899575000000000000000000000000 -0.044622959222406389000000000000000000000000 -0.023560356517978293000000000000000000000000 -0.019643306450994043000000000000000000000000 -0.014175447338789601000000000000000000000000 -0.01085275587853566000000000000000000000000 / -0.76334894672793419000000000000000000000000
-0.011431083775393973000000000000000000000000 -0.017068811466831618000000000000000000000000 -0.081774446389314956000000000000000000000000 -0.081774449128160828000000000000000000000000 -0.081774464678584249000000000000000000000000 -0.081774444667391505000000000000000000000000 -0.081774543000281086000000000000000000000000 -0.08177444756154717000000000000000000000000 0.91822555085007207000000000000000000000000 -0.081774489054981345000000000000000000000000 -0.081774448975761332000000000000000000000000 -0.081774453650561588000000000000000000000000 -0.081774454772439331000000000000000000000000 -0.081774449435417493000000000000000000000000 -0.081774448970695815000000000000000000000000 -0.081774449498833543000000000000000000000000 -0.081774452226005281000000000000000000000000 -0.08177445152977357000000000000000000000000 -0.081774451480678981000000000000000000000000 -0.081774452558006014000000000000000000000000 -0.081774455107163982000000000000000000000000 -0.081774446231330136000000000000000000000000 -0.081774462816357571000000000000000000000000 -0.081774455693129744000000000000000000000000 -0.083453873926875505000000000000000000000000 -0.08235054863678562000000000000000000000000 -0.070939565028528953000000000000000000000000 -0.07813135740541903000000000000000000000000 -0.030312810851039193000000000000000000000000 0.0055688787270311377000000000000000000000000 -0.52836730239296437000000000000000000000000 -0.68244091860792633000000000000000000000000 -0.046937024462498179000000000000000000000000 -0.044622960315723686000000000000000000000000 -0.023560356669909664000000000000000000000000 -0.01964330655023569000000000000000000000000 -0.014175447000721524000000000000000000000000 -0.01085275568718419000000000000000000000000 / -0.76334894792716734000000000000000000000000
-0.011431076486939182000000000000000000000000 -0.01706881869382039000000000000000000000000 -0.081774491854511314000000000000000000000000 -0.081774494593372174000000000000000000000000 -0.081774510143853021000000000000000000000000 -0.081774490132585032000000000000000000000000 -0.081774588465844678000000000000000000000000 -0.08177449302674536000000000000000000000000 -0.081774494615133878000000000000000000000000 0.91822546547965211000000000000000000000000 -0.081774494440971318000000000000000000000000 -0.081774499115786992000000000000000000000000 -0.081774500237666234000000000000000000000000 -0.081774494900628728000000000000000000000000 -0.08177449443590537000000000000000000000000 -0.081774494964047345000000000000000000000000 -0.081774497691224385000000000000000000000000 -0.08177449699499123000000000000000000000000 -0.081774496945900998000000000000000000000000 -0.081774498023229836000000000000000000000000 -0.081774500572394646000000000000000000000000 -0.08177449169652759000000000000000000000000 -0.0817745082816181000000000000000000000000 -0.081774501158366389000000000000000000000000 -0.083453928301329069000000000000000000000000 -0.082350565220834476000000000000000000000000 -0.070939589825895918000000000000000000000000 -0.07813138182392107000000000000000000000000 -0.030312685025541377000000000000000000000000 0.0055690015680329025000000000000000000000000 -0.52836733485864606000000000000000000000000 -0.682440944983989000000000000000000000000 -0.046937053469924238000000000000000000000000 -0.044622987783530313000000000000000000000000 -0.023560360487310795000000000000000000000000 -0.019643309043834836000000000000000000000000 -0.014175438508057881000000000000000000000000 -0.010852750880230744000000000000000000000000 / -0.76334897805686586000000000000000000000000
-0.011431083807204343000000000000000000000000 -0.017068811435290057000000000000000000000000 -0.081774446190880035000000000000000000000000 -0.081774448929729085000000000000000000000000 -0.081774464480152562000000000000000000000000 -0.081774444468959692000000000000000000000000 -0.081774542801849592000000000000000000000000 -0.0817744473631144000000000000000000000000 -0.081774448951495562000000000000000000000000 -0.081774488856552127000000000000000000000000 0.91822555122267036000000000000000000000000 -0.081774453452129955000000000000000000000000 -0.081774454574009572000000000000000000000000 -0.081774449236987776000000000000000000000000 -0.081774448772265293000000000000000000000000 -0.081774449300406185000000000000000000000000 -0.081774452027572109000000000000000000000000 -0.081774451331341438000000000000000000000000 -0.08177445128225172000000000000000000000000 -0.081774452359575658000000000000000000000000 -0.081774454908734889000000000000000000000000 -0.08177444603290028000000000000000000000000 -0.081774462617928909000000000000000000000000 -0.081774455494698028000000000000000000000000 -0.083453873689559852000000000000000000000000 -0.082350548564407683000000000000000000000000 -0.070939564920304482000000000000000000000000 -0.078131357298846585000000000000000000000000 -0.030312811400208372000000000000000000000000 0.0055688781908864301000000000000000000000000 -0.52836730225125217000000000000000000000000 -0.68244091849280997000000000000000000000000 -0.046937024335900523000000000000000000000000 -0.044622960195842006000000000000000000000000 -0.023560356653249483000000000000000000000000 -0.019643306539351594000000000000000000000000 -0.014175447037788138000000000000000000000000 -0.010852755708163263000000000000000000000000 / -0.76334894779565632000000000000000000000000
-0.011431082953327683000000000000000000000000 -0.017068812281906154000000000000000000000000 -0.081774451516990532000000000000000000000000 -0.081774454255837903000000000000000000000000 -0.081774469806270164000000000000000000000000 -0.081774449795068122000000000000000000000000 -0.081774548127997046000000000000000000000000 -0.081774452689220789000000000000000000000000 -0.081774454277601688000000000000000000000000 -0.081774494182679056000000000000000000000000 -0.08177445410343849000000000000000000000000 0.91822554122178002000000000000000000000000 -0.081774459900116558000000000000000000000000 -0.08177445456309429000000000000000000000000 -0.081774454098371904000000000000000000000000 -0.081774454626512658000000000000000000000000 -0.081774457353681523000000000000000000000000 -0.081774456657449146000000000000000000000000 -0.08177445660835761000000000000000000000000 -0.081774457685685933000000000000000000000000 -0.081774460234842625000000000000000000000000 -0.0817744513590071000000000000000000000000 -0.081774467944041224000000000000000000000000 -0.081774460820811412000000000000000000000000 -0.083453880059389682000000000000000000000000 -0.082350550507123602000000000000000000000000 -0.070939567825247962000000000000000000000000 -0.078131360159403376000000000000000000000000 -0.030312796660038329000000000000000000000000 0.0055688925814915821000000000000000000000000 -0.52836730605448845000000000000000000000000 -0.68244092158262004000000000000000000000000 -0.04693702773403665000000000000000000000000 -0.044622963413616872000000000000000000000000 -0.023560357100411874000000000000000000000000 -0.019643306831439594000000000000000000000000 -0.014175446042823416000000000000000000000000 -0.010852755144999478000000000000000000000000 / -0.76334895132524139000000000000000000000000
-0.011431082748412294000000000000000000000000 -0.017068812485081859000000000000000000000000 -0.081774452795174063000000000000000000000000 -0.081774455534024432000000000000000000000000 -0.081774471084458983000000000000000000000000 -0.081774451073249252000000000000000000000000 -0.081774549406190777000000000000000000000000 -0.081774453967405805000000000000000000000000 -0.081774455555783665000000000000000000000000 -0.081774495460863919000000000000000000000000 -0.081774455381619982000000000000000000000000 -0.081774460056421777000000000000000000000000 0.918225538821697000000000000000000000000 -0.081774455841279528000000000000000000000000 -0.081774455376557004000000000000000000000000 -0.081774455904698118000000000000000000000000 -0.081774458631866845000000000000000000000000 -0.081774457935635467000000000000000000000000 -0.081774457886542432000000000000000000000000 -0.081774458963871491000000000000000000000000 -0.081774461513027003000000000000000000000000 -0.081774452637188452000000000000000000000000 -0.081774469222227572000000000000000000000000 -0.081774462098990863000000000000000000000000 -0.083453881588050227000000000000000000000000 -0.082350550973352046000000000000000000000000 -0.070939568522391652000000000000000000000000 -0.078131360845894837000000000000000000000000 -0.030312793122633026000000000000000000000000 0.0055688960350045473000000000000000000000000 -0.52836730696718925000000000000000000000000 -0.68244092232414677000000000000000000000000 -0.046937028549538712000000000000000000000000 -0.044622964185835085000000000000000000000000 -0.02356035720772566000000000000000000000000 -0.019643306901537563000000000000000000000000 -0.014175445804049801000000000000000000000000 -0.01085275500985027000000000000000000000000 / -0.76334895217226417000000000000000000000000
-0.011431083723245831000000000000000000000000 -0.017068811518534961000000000000000000000000 -0.081774446714583296000000000000000000000000 -0.081774449453429932000000000000000000000000 -0.081774465003856378000000000000000000000000 -0.081774444992658124000000000000000000000000 -0.081774543325552035000000000000000000000000 -0.081774447886811888000000000000000000000000 -0.081774449475193106000000000000000000000000 -0.081774489380256651000000000000000000000000 -0.081774449301028812000000000000000000000000 -0.081774453975826472000000000000000000000000 -0.081774455097704216000000000000000000000000 0.91822555023933006000000000000000000000000 -0.081774449295962878000000000000000000000000 -0.081774449824103451000000000000000000000000 -0.081774452551273413000000000000000000000000 -0.081774451855041813000000000000000000000000 -0.081774451805951345000000000000000000000000 -0.081774452883274978000000000000000000000000 -0.081774455432431212000000000000000000000000 -0.081774446556595964000000000000000000000000 -0.081774463141627021000000000000000000000000 -0.081774456018396016000000000000000000000000 -0.083453874315886092000000000000000000000000 -0.082350548755430616000000000000000000000000 -0.07093956520593786000000000000000000000000 -0.07813135758011841000000000000000000000000 -0.03031280995085546000000000000000000000000 0.0055688796058656091000000000000000000000000 -0.52836730262520537000000000000000000000000 -0.68244091879660018000000000000000000000000 -0.046937024670025397000000000000000000000000 -0.044622960512234147000000000000000000000000 -0.023560356697217337000000000000000000000000 -0.019643306568072411000000000000000000000000 -0.014175446939956838000000000000000000000000 -0.010852755652790045000000000000000000000000 / -0.76334894814274179000000000000000000000000
-0.011431083808131612000000000000000000000000 -0.017068811434372545000000000000000000000000 -0.081774446185118282000000000000000000000000 -0.081774448923965196000000000000000000000000 -0.08177446447438888000000000000000000000000 -0.08177444446319164000000000000000000000000 -0.081774542796080832000000000000000000000000 -0.081774447357346319000000000000000000000000 -0.081774448945727274000000000000000000000000 -0.081774488850783061000000000000000000000000 -0.081774448771563965000000000000000000000000 -0.081774453446363637000000000000000000000000 -0.081774454568238966000000000000000000000000 -0.0817744492312205000000000000000000000000 0.91822555123352523000000000000000000000000 -0.081774449294635579000000000000000000000000 -0.081774452021807484000000000000000000000000 -0.081774451325578035000000000000000000000000 -0.081774451276483265000000000000000000000000 -0.081774452353808064000000000000000000000000 -0.081774454902965546000000000000000000000000 -0.081774446027133144000000000000000000000000 -0.081774462612160634000000000000000000000000 -0.081774455488928602000000000000000000000000 -0.083453873682658705000000000000000000000000 -0.082350548562305156000000000000000000000000 -0.070939564917155015000000000000000000000000 -0.07813135729574798000000000000000000000000 -0.030312811416168262000000000000000000000000 0.0055688781753017074000000000000000000000000 -0.52836730224713979000000000000000000000000 -0.68244091848945743000000000000000000000000 -0.046937024332216852000000000000000000000000 -0.044622960192355336000000000000000000000000 -0.023560356652765888000000000000000000000000 -0.019643306539036967000000000000000000000000 -0.014175447038868529000000000000000000000000 -0.010852755708775471000000000000000000000000 / -0.7633489477918618000000000000000000000000
-0.011431083711661712000000000000000000000000 -0.01706881153001958000000000000000000000000 -0.081774446786834001000000000000000000000000 -0.081774449525681567000000000000000000000000 -0.081774465076110123000000000000000000000000 -0.081774445064909981000000000000000000000000 -0.081774543397808125000000000000000000000000 -0.081774447959067062000000000000000000000000 -0.081774449547446157000000000000000000000000 -0.081774489452503998000000000000000000000000 -0.081774449373281766000000000000000000000000 -0.081774454048080703000000000000000000000000 -0.081774455169958932000000000000000000000000 -0.081774449832937954000000000000000000000000 -0.081774449368218996000000000000000000000000 0.91822555010365547000000000000000000000000 -0.081774452623524438000000000000000000000000 -0.081774451927292782000000000000000000000000 -0.081774451878202425000000000000000000000000 -0.081774452955526877000000000000000000000000 -0.081774455504685692000000000000000000000000 -0.081774446628852859000000000000000000000000 -0.081774463213877227000000000000000000000000 -0.08177445609064711000000000000000000000000 -0.083453874402295486000000000000000000000000 -0.08235054878177997000000000000000000000000 -0.070939565245344935000000000000000000000000 -0.078131357618917804000000000000000000000000 -0.030312809750884514000000000000000000000000 0.0055688798010945142000000000000000000000000 -0.52836730267680188000000000000000000000000 -0.68244091883853486000000000000000000000000 -0.04693702471612362000000000000000000000000 -0.044622960555886708000000000000000000000000 -0.023560356703282891000000000000000000000000 -0.019643306572034565000000000000000000000000 -0.01417544692645841000000000000000000000000 -0.010852755645149804000000000000000000000000 / -0.76334894819062038000000000000000000000000
-0.011431083213529813000000000000000000000000 -0.017068812023916552000000000000000000000000 -0.081774449893962098000000000000000000000000 -0.081774452632809788000000000000000000000000 -0.081774468183239857000000000000000000000000 -0.081774448172032443000000000000000000000000 -0.081774546504954485000000000000000000000000 -0.081774451066190329000000000000000000000000 -0.08177445265457263000000000000000000000000 -0.081774492559641171000000000000000000000000 -0.081774452480411222000000000000000000000000 -0.081774457155209521000000000000000000000000 -0.081774458277086168000000000000000000000000 -0.081774452940068534000000000000000000000000 -0.081774452475341639000000000000000000000000 -0.081774453003484293000000000000000000000000 0.91822554426934977000000000000000000000000 -0.081774455034423224000000000000000000000000 -0.081774454985327344000000000000000000000000 -0.081774456062653933000000000000000000000000 -0.081774458611812997000000000000000000000000 -0.081774449735971977000000000000000000000000 -0.081774466321007891000000000000000000000000 -0.081774459197776928000000000000000000000000 -0.083453878118305805000000000000000000000000 -0.082350549915117185000000000000000000000000 -0.070939566940022264000000000000000000000000 -0.078131359287706315000000000000000000000000 -0.030312801151826475000000000000000000000000 0.0055688881962280374000000000000000000000000 -0.52836730489552874000000000000000000000000 -0.68244092064104289000000000000000000000000 -0.046937026698518416000000000000000000000000 -0.044622962433062775000000000000000000000000 -0.023560356964147294000000000000000000000000 -0.019643306742432087000000000000000000000000 -0.014175446346019123000000000000000000000000 -0.010852755316613135000000000000000000000000 / -0.7633489502496722000000000000000000000000
-0.011431083340699198000000000000000000000000 -0.017068811897826795000000000000000000000000 -0.081774449100727162000000000000000000000000 -0.081774451839575879000000000000000000000000 -0.08177446739000363000000000000000000000000 -0.081774447378800352000000000000000000000000 -0.081774545711714303000000000000000000000000 -0.08177445027295864000000000000000000000000 -0.081774451861336556000000000000000000000000 -0.081774491766401308000000000000000000000000 -0.081774451687173427000000000000000000000000 -0.081774456361970282000000000000000000000000 -0.081774457483850788000000000000000000000000 -0.081774452146830823000000000000000000000000 -0.081774451682108243000000000000000000000000 -0.081774452210250079000000000000000000000000 -0.081774454937414434000000000000000000000000 0.91822554575881377000000000000000000000000 -0.081774454192091575000000000000000000000000 -0.081774455269421703000000000000000000000000 -0.081774457818579629000000000000000000000000 -0.081774448942740316000000000000000000000000 -0.081774465527773746000000000000000000000000 -0.081774458404539882000000000000000000000000 -0.083453877169624519000000000000000000000000 -0.082350549625783184000000000000000000000000 -0.070939566507378177000000000000000000000000 -0.078131358861672009000000000000000000000000 -0.030312803347115232000000000000000000000000 0.0055688860530027015000000000000000000000000 -0.52836730432910683000000000000000000000000 -0.68244092018090163000000000000000000000000 -0.046937026192423126000000000000000000000000 -0.044622961953828755000000000000000000000000 -0.023560356897548859000000000000000000000000 -0.019643306698929476000000000000000000000000 -0.014175446494201025000000000000000000000000 -0.010852755400485806000000000000000000000000 / -0.76334894972397882000000000000000000000000
-0.011431083349666049000000000000000000000000 -0.017068811888936507000000000000000000000000 -0.081774449044796499000000000000000000000000 -0.081774451783641525000000000000000000000000 -0.08177446733406861000000000000000000000000 -0.081774447322869662000000000000000000000000 -0.081774545655783584000000000000000000000000 -0.081774450217027089000000000000000000000000 -0.081774451805405046000000000000000000000000 -0.081774491710469438000000000000000000000000 -0.081774451631245346000000000000000000000000 -0.081774456306039842000000000000000000000000 -0.081774457427921277000000000000000000000000 -0.081774452090898717000000000000000000000000 -0.081774451626175915000000000000000000000000 -0.081774452154315197000000000000000000000000 -0.081774454881487907000000000000000000000000 -0.081774454185254558000000000000000000000000 0.91822554586384475000000000000000000000000 -0.081774455213489278000000000000000000000000 -0.08177445776264701000000000000000000000000 -0.081774448886807988000000000000000000000000 -0.081774465471842223000000000000000000000000 -0.081774458348610107000000000000000000000000 -0.08345387710273458000000000000000000000000 -0.082350549605381212000000000000000000000000 -0.070939566476873495000000000000000000000000 -0.078131358831632525000000000000000000000000 -0.030312803501915106000000000000000000000000 0.0055688859018728507000000000000000000000000 -0.52836730428914946000000000000000000000000 -0.68244092014844582000000000000000000000000 -0.046937026156737428000000000000000000000000 -0.044622961920037674000000000000000000000000 -0.023560356892853126000000000000000000000000 -0.019643306695862523000000000000000000000000 -0.014175446504649533000000000000000000000000 -0.010852755406399937000000000000000000000000 / -0.76334894968692379000000000000000000000000
-0.011431083152886327000000000000000000000000 -0.017068812084042637000000000000000000000000 -0.081774450272219634000000000000000000000000 -0.081774453011067977000000000000000000000000 -0.081774468561493743000000000000000000000000 -0.081774448550291881000000000000000000000000 -0.08177454688321574000000000000000000000000 -0.081774451444451418000000000000000000000000 -0.081774453032828362000000000000000000000000 -0.081774492937900539000000000000000000000000 -0.081774452858666219000000000000000000000000 -0.081774457533467612000000000000000000000000 -0.081774458655342913000000000000000000000000 -0.081774453318322171000000000000000000000000 -0.081774452853601493000000000000000000000000 -0.081774453381738346000000000000000000000000 -0.081774456108908225000000000000000000000000 -0.081774455412675653000000000000000000000000 -0.081774455363582382000000000000000000000000 0.91822554355910668000000000000000000000000 -0.081774458990069798000000000000000000000000 -0.081774450114231026000000000000000000000000 -0.081774466699266635000000000000000000000000 -0.081774459576033368000000000000000000000000 -0.083453878570689463000000000000000000000000 -0.082350550053090929000000000000000000000000 -0.070939567146330512000000000000000000000000 -0.078131359490860156000000000000000000000000 -0.030312800104974873000000000000000000000000 0.0055688892182552017000000000000000000000000 -0.52836730516561659000000000000000000000000 -0.682440920860516000000000000000000000000 -0.046937026939849961000000000000000000000000 -0.044622962661585858000000000000000000000000 -0.023560356995902743000000000000000000000000 -0.019643306763174762000000000000000000000000 -0.014175446275355592000000000000000000000000 -0.0108527552766164000000000000000000000000 / -0.76334895050034124000000000000000000000000
-0.011431082687273497000000000000000000000000 -0.017068812545700907000000000000000000000000 -0.081774453176531411000000000000000000000000 -0.081774455915382641000000000000000000000000 -0.081774471465817081000000000000000000000000 -0.081774451454608613000000000000000000000000 -0.081774549787555786000000000000000000000000 -0.08177445434876629000000000000000000000000 -0.081774455937148133000000000000000000000000 -0.081774495842222836000000000000000000000000 -0.081774455762981868000000000000000000000000 -0.081774460437780805000000000000000000000000 -0.081774461559664488000000000000000000000000 -0.0817744562226424000000000000000000000000 -0.081774455757917988000000000000000000000000 -0.081774456286056424000000000000000000000000 -0.081774459013229481000000000000000000000000 -0.081774458316994827000000000000000000000000 -0.081774458267902264000000000000000000000000 -0.081774459345230185000000000000000000000000 0.91822553810558882000000000000000000000000 -0.081774453018547383000000000000000000000000 -0.081774469603585559000000000000000000000000 -0.081774462480352014000000000000000000000000 -0.083453882044145195000000000000000000000000 -0.082350551112452763000000000000000000000000 -0.070939568730393615000000000000000000000000 -0.078131361050716316000000000000000000000000 -0.030312792067205455000000000000000000000000 0.0055688970654010342000000000000000000000000 -0.52836730723949554000000000000000000000000 -0.68244092254540323000000000000000000000000 -0.046937028792850645000000000000000000000000 -0.044622964416233486000000000000000000000000 -0.023560357239743302000000000000000000000000 -0.019643306922452228000000000000000000000000 -0.014175445732808914000000000000000000000000 -0.010852754969527182000000000000000000000000 / -0.76334895242499523000000000000000000000000
-0.011431084308497753000000000000000000000000 -0.017068810938268571000000000000000000000000 -0.081774443064098576000000000000000000000000 -0.081774445802947071000000000000000000000000 -0.081774461353367286000000000000000000000000 -0.081774441342176707000000000000000000000000 -0.081774539675039698000000000000000000000000 -0.081774444236334551000000000000000000000000 -0.08177444582471062000000000000000000000000 -0.081774485729757457000000000000000000000000 -0.081774445650544397000000000000000000000000 -0.081774450325342321000000000000000000000000 -0.081774451447221078000000000000000000000000 -0.081774446110202084000000000000000000000000 -0.081774445645479227000000000000000000000000 -0.081774446173619855000000000000000000000000 -0.081774448900784363000000000000000000000000 -0.081774448204558411000000000000000000000000 -0.081774448155461463000000000000000000000000 -0.081774449232790369000000000000000000000000 -0.081774451781946103000000000000000000000000 0.9182255570938801000000000000000000000000 -0.081774459491140941000000000000000000000000 -0.081774452367911657000000000000000000000000 -0.083453869950032164000000000000000000000000 -0.082350547423904435000000000000000000000000 -0.070939563214899595000000000000000000000000 -0.078131355619504891000000000000000000000000 -0.030312820053693387000000000000000000000000 0.0055688697426095474000000000000000000000000 -0.52836730001851862000000000000000000000000 -0.68244091667887585000000000000000000000000 -0.04693702234096029000000000000000000000000 -0.04462295830678701000000000000000000000000 -0.023560356390740163000000000000000000000000 -0.019643306367881357000000000000000000000000 -0.014175447621912363000000000000000000000000 -0.010852756038786516000000000000000000000000 / -0.76334894572358813000000000000000000000000
-0.011431081279181405000000000000000000000000 -0.017068813941861685000000000000000000000000 -0.081774461959832581000000000000000000000000 -0.081774464698682076000000000000000000000000 -0.08177448024912673000000000000000000000000 -0.081774460237910351000000000000000000000000 -0.081774558570921238000000000000000000000000 -0.081774463132067418000000000000000000000000 -0.081774464720446527000000000000000000000000 -0.081774504625555397000000000000000000000000 -0.081774464546282094000000000000000000000000 -0.081774469221087748000000000000000000000000 -0.081774470342963715000000000000000000000000 -0.081774465005939892000000000000000000000000 -0.081774464541217354000000000000000000000000 -0.08177446506935647000000000000000000000000 -0.081774467796529096000000000000000000000000 -0.081774467100297829000000000000000000000000 -0.081774467051205182000000000000000000000000 -0.081774468128532327000000000000000000000000 -0.081774470677694791000000000000000000000000 -0.081774461801849579000000000000000000000000 0.91822552161310311000000000000000000000000 -0.081774471263660387000000000000000000000000 -0.083453892548629546000000000000000000000000 -0.08235055431623467000000000000000000000000 -0.070939573520941435000000000000000000000000 -0.078131365768067937000000000000000000000000 -0.03031276775921429000000000000000000000000 0.0055689207968872842000000000000000000000000 -0.52836731351145427000000000000000000000000 -0.6824409276408745000000000000000000000000 -0.046937034396724059000000000000000000000000 -0.044622969722673135000000000000000000000000 -0.023560357977184018000000000000000000000000 -0.019643307404155826000000000000000000000000 -0.014175444092061456000000000000000000000000 -0.010852754040842256000000000000000000000000 / -0.76334895824562088000000000000000000000000
-0.011431082580242941000000000000000000000000 -0.017068812651821544000000000000000000000000 -0.081774453844136327000000000000000000000000 -0.081774456582986293000000000000000000000000 -0.08177447213342004000000000000000000000000 -0.081774452122210073000000000000000000000000 -0.081774550455161202000000000000000000000000 -0.08177445501636596000000000000000000000000 -0.081774456604746942000000000000000000000000 -0.081774496509829972000000000000000000000000 -0.081774456430583689000000000000000000000000 -0.081774461105385748000000000000000000000000 -0.081774462227266406000000000000000000000000 -0.081774456890240821000000000000000000000000 -0.081774456425515132000000000000000000000000 -0.081774456953662852000000000000000000000000 -0.081774459680828623000000000000000000000000 -0.081774458984598425000000000000000000000000 -0.081774458935503058000000000000000000000000 -0.081774460012831451000000000000000000000000 -0.08177446256198867000000000000000000000000 -0.081774453686150994000000000000000000000000 -0.081774470271189004000000000000000000000000 0.91822553685201636000000000000000000000000 -0.083453882842574059000000000000000000000000 -0.082350551355965224000000000000000000000000 -0.070939569094513974000000000000000000000000 -0.078131361409277678000000000000000000000000 -0.030312790219587819000000000000000000000000 0.0055688988692065939000000000000000000000000 -0.52836730771623497000000000000000000000000 -0.6824409229327042000000000000000000000000 -0.046937029218791171000000000000000000000000 -0.044622964819568747000000000000000000000000 -0.023560357295792055000000000000000000000000 -0.019643306959063966000000000000000000000000 -0.014175445608094252000000000000000000000000 -0.010852754898936895000000000000000000000000 / -0.76334895286739113000000000000000000000000
-0.087523798060554756000000000000000000000000 0.11694575005423768000000000000000000000000 -0.38479594150492535000000000000000000000000 -0.3847959205024864000000000000000000000000 -0.38479580126074847000000000000000000000000 -0.38479595470942918000000000000000000000000 -0.38479520079260759000000000000000000000000 -0.38479593251581268000000000000000000000000 -0.38479592033563742000000000000000000000000 -0.38479561435508669000000000000000000000000 -0.38479592167104687000000000000000000000000 -0.38479588582369717000000000000000000000000 -0.3847958772209521000000000000000000000000 -0.38479591814633418000000000000000000000000 -0.38479592171003385000000000000000000000000 -0.38479591766002469000000000000000000000000 -0.38479589674747322000000000000000000000000 -0.38479590208628989000000000000000000000000 -0.38479590246273004000000000000000000000000 -0.38479589420157634000000000000000000000000 -0.38479587465425963000000000000000000000000 -0.38479594271638506000000000000000000000000 -0.38479581554007547000000000000000000000000 -0.38479587016090316000000000000000000000000 0.83789393906601284000000000000000000000000 0.32922247468791477000000000000000000000000 0.57442611266667809000000000000000000000000 0.86345329794654269000000000000000000000000 0.61365145760957707000000000000000000000000 0.42023454017195339000000000000000000000000 -0.076693691657546692000000000000000000000000 -0.28627507742900243000000000000000000000000 0.075682596781852518000000000000000000000000 -0.039980863681837661000000000000000000000000 0.056575426030789015000000000000000000000000 -0.051007976705646038000000000000000000000000 0.049999953201737918000000000000000000000000 -0.074748469093659162000000000000000000000000 / -0.36759534272022937000000000000000000000000
-0.02277382116194759000000000000000000000000 0.028862479185729782000000000000000000000000 -0.1666831072427423000000000000000000000000 -0.16668310198223499000000000000000000000000 -0.16668307211585226000000000000000000000000 -0.1666831105500968000000000000000000000000 -0.16668292172282775000000000000000000000000 -0.16668310499122382000000000000000000000000 -0.16668310194044766000000000000000000000000 -0.16668302530249579000000000000000000000000 -0.16668310227492039000000000000000000000000 -0.16668309329622827000000000000000000000000 -0.16668309114150159000000000000000000000000 -0.16668310139208772000000000000000000000000 -0.1666831022846911000000000000000000000000 -0.16668310127028024000000000000000000000000 -0.16668309603231027000000000000000000000000 -0.166683097369522000000000000000000000000 -0.16668309746380669000000000000000000000000 -0.16668309539463338000000000000000000000000 -0.16668309049861926000000000000000000000000 -0.1666831075461743000000000000000000000000 -0.1666830756923611000000000000000000000000 -0.16668308937316839000000000000000000000000 -0.10168929614624767000000000000000000000000 0.89344080491062439000000000000000000000000 0.084936220499689824000000000000000000000000 0.12605032127226376000000000000000000000000 0.085944158136328053000000000000000000000000 0.040638396006347534000000000000000000000000 -0.48152857457899811000000000000000000000000 -0.65747220615102298000000000000000000000000 -0.018848455930408115000000000000000000000000 -0.049056822644805723000000000000000000000000 0.0052606199732168424000000000000000000000000 -0.024747177224209615000000000000000000000000 -0.032187338025666729000000000000000000000000 -0.015420618000456283000000000000000000000000 / -0.7385829081112425000000000000000000000000
-0.053653868244863956000000000000000000000000 0.032769092370266276000000000000000000000000 -0.1849744677556904000000000000000000000000 -0.18497446228726588000000000000000000000000 -0.18497443123938029000000000000000000000000 -0.18497447119375096000000000000000000000000 -0.18497427487028167000000000000000000000000 -0.18497446541519222000000000000000000000000 -0.18497446224382488000000000000000000000000 -0.18497438257058832000000000000000000000000 -0.18497446259151859000000000000000000000000 -0.18497445325782172000000000000000000000000 -0.18497445101787574000000000000000000000000 -0.18497446167378653000000000000000000000000 -0.18497446260168221000000000000000000000000 -0.18497446154716762000000000000000000000000 -0.18497445610210139000000000000000000000000 -0.18497445749218891000000000000000000000000 -0.18497445759020353000000000000000000000000 -0.18497445543920826000000000000000000000000 -0.18497445034957302000000000000000000000000 -0.18497446807111922000000000000000000000000 -0.18497443495746896000000000000000000000000 -0.18497444917960421000000000000000000000000 -0.10279719753042961000000000000000000000000 0.035775461292774438000000000000000000000000 0.74232231328239817000000000000000000000000 0.36188953317596712000000000000000000000000 0.3264174126083364000000000000000000000000 0.25286200189975122000000000000000000000000 -0.26468236528614675000000000000000000000000 -0.44728853635733046000000000000000000000000 0.066011101674317715000000000000000000000000 0.018039265171381491000000000000000000000000 -0.016200587815119523000000000000000000000000 -0.011785063108129842000000000000000000000000 -0.070974911288412629000000000000000000000000 -0.022858293245859623000000000000000000000000 / -0.52844728092708304000000000000000000000000
0.0035189271948122972000000000000000000000000 0.023773774865913751000000000000000000000000 -0.094354397802325268000000000000000000000000 -0.094354415531352986000000000000000000000000 -0.09435451619057629000000000000000000000000 -0.094354386655964184000000000000000000000000 -0.094355023139603311000000000000000000000000 -0.094354405390393539000000000000000000000000 -0.094354415672227007000000000000000000000000 -0.094354673976584355000000000000000000000000 -0.094354414544855575000000000000000000000000 -0.094354444805450383000000000000000000000000 -0.094354452067498748000000000000000000000000 -0.094354417520274889000000000000000000000000 -0.09435441451204582000000000000000000000000 -0.094354417930792092000000000000000000000000 -0.094354435584129717000000000000000000000000 -0.094354431077332282000000000000000000000000 -0.094354430759552507000000000000000000000000 -0.094354437733230073000000000000000000000000 -0.094354454234208726000000000000000000000000 -0.094354396779667712000000000000000000000000 -0.094354504136341347000000000000000000000000 -0.094354458027237048000000000000000000000000 -0.09850554519895853000000000000000000000000 0.028336110365826984000000000000000000000000 -0.018498011020256257000000000000000000000000 0.71309620546725838000000000000000000000000 0.33082079078812027000000000000000000000000 0.23141446463668253000000000000000000000000 -0.28505843209150566000000000000000000000000 -0.48397777939792297000000000000000000000000 0.0012166922222898199000000000000000000000000 0.015896231078916509000000000000000000000000 -0.045478926026557343000000000000000000000000 -0.033437159376860585000000000000000000000000 0.023862271147779005000000000000000000000000 0.0059880726051745447000000000000000000000000 / -0.56538468353830273000000000000000000000000
0.02034198144092372000000000000000000000000 -0.0028594417343270465000000000000000000000000 0.12346251283152564000000000000000000000000 0.12346252179658741000000000000000000000000 0.12346257269939269000000000000000000000000 0.12346250719521532000000000000000000000000 0.12346282912047137000000000000000000000000 0.12346251666858342000000000000000000000000 0.12346252186782534000000000000000000000000 0.12346265249881212000000000000000000000000 0.12346252129771297000000000000000000000000 0.12346253659993241000000000000000000000000 0.12346254027226002000000000000000000000000 0.12346252280232707000000000000000000000000 0.12346252128116048000000000000000000000000 0.12346252300991487000000000000000000000000 0.12346253193685083000000000000000000000000 0.12346252965784126000000000000000000000000 0.12346252949714434000000000000000000000000 0.12346253302361736000000000000000000000000 0.12346254136794774000000000000000000000000 0.12346251231439204000000000000000000000000 0.1234625666034328000000000000000000000000 0.12346254328602255000000000000000000000000 0.056633366467860637000000000000000000000000 0.0040257760923801296000000000000000000000000 -0.019243403069972284000000000000000000000000 -0.061119824113907546000000000000000000000000 3.8353969939285233000000000000000000000000 -1.0373442714494641000000000000000000000000 -0.97458093491267461000000000000000000000000 -1.1208003361847119000000000000000000000000 -0.014502046622449978000000000000000000000000 -0.0013126616406746075000000000000000000000000 0.0091073098690789746000000000000000000000000 0.028554147482134588000000000000000000000000 0.00217883357756791000000000000000000000000 0.014230053756748098000000000000000000000000 / -1.2456464825944638000000000000000000000000
-0.15406955074677822000000000000000000000000 -0.31130092224490558000000000000000000000000 -1.6008292458287943000000000000000000000000 -1.6008293404573053000000000000000000000000 -1.6008298777316989000000000000000000000000 -1.6008291863353996000000000000000000000000 -1.6008325837781123000000000000000000000000 -1.6008292863299691000000000000000000000000 -1.6008293412091863000000000000000000000000 -1.6008307199470344000000000000000000000000 -1.6008293351918541000000000000000000000000 -1.6008294967083068000000000000000000000000 -1.6008295354697504000000000000000000000000 -1.6008293510731537000000000000000000000000 -1.6008293350167422000000000000000000000000 -1.6008293532642988000000000000000000000000 -1.6008294474891995000000000000000000000000 -1.6008294234341007000000000000000000000000 -1.6008294217379546000000000000000000000000 -1.6008294589601104000000000000000000000000 -1.6008295470346632000000000000000000000000 -1.6008292403703401000000000000000000000000 -1.60082981339091000000000000000000000000 -1.6008295672800921000000000000000000000000 -1.6725691869412318000000000000000000000000 -1.933416575595245000000000000000000000000 -1.4144935220759833000000000000000000000000 -1.8186806925066461000000000000000000000000 -10.109720173349249000000000000000000000000 7.2810690032243919000000000000000000000000 1.8450621604854938000000000000000000000000 2.4328663363468803000000000000000000000000 -0.92190592057471643000000000000000000000000 -0.85057377373209098000000000000000000000000 -0.39259485651907389000000000000000000000000 -0.29951958679689678000000000000000000000000 -0.14127934242588597000000000000000000000000 -0.16019025534262774000000000000000000000000 / 2.132697661777549000000000000000000000000
-0.023247032032177203000000000000000000000000 -0.06081618358606896000000000000000000000000 -0.28926901851563835000000000000000000000000 -0.28926905403963765000000000000000000000000 -0.28926925573418311000000000000000000000000 -0.28926899618150331000000000000000000000000 -0.28927027157068391000000000000000000000000 -0.28926903371997431000000000000000000000000 -0.28926905432189848000000000000000000000000 -0.28926957190160607000000000000000000000000 -0.28926905206295656000000000000000000000000 -0.28926911269690536000000000000000000000000 -0.2892691272481035000000000000000000000000 -0.28926905802487601000000000000000000000000 -0.28926905199722636000000000000000000000000 -0.2892690588474302000000000000000000000000 -0.28926909421987573000000000000000000000000 -0.28926908518949002000000000000000000000000 -0.28926908455274042000000000000000000000000 -0.28926909852609661000000000000000000000000 -0.28926913158961032000000000000000000000000 -0.28926901646651043000000000000000000000000 -0.28926923158051288000000000000000000000000 -0.28926913918981173000000000000000000000000 -0.32102982345738607000000000000000000000000 -0.37560472252515398000000000000000000000000 -0.2604728025215533000000000000000000000000 -0.31261775975195932000000000000000000000000 -2.6520494374884884000000000000000000000000 -5.2553419755783217000000000000000000000000 4.4343243749081971000000000000000000000000 1.8373966413724807000000000000000000000000 -0.19892347266550173000000000000000000000000 -0.19145628085422262000000000000000000000000 -0.079020652633250296000000000000000000000000 -0.056842668411153312000000000000000000000000 -0.028055342500753668000000000000000000000000 -0.024635289120189745000000000000000000000000 / 1.9630379520519685000000000000000000000000
-0.00025452454871608359000000000000000000000000 -0.00064227739863541842000000000000000000000000 -0.0020844319499126176000000000000000000000000 -0.0020844319388189968000000000000000000000000 -0.0020844318758263445000000000000000000000000 -0.0020844319568869298000000000000000000000000 -0.0020844315583968000000000000000000000000 -0.0020844319451646227000000000000000000000000 -0.0020844319387308676000000000000000000000000 -0.0020844317770598343000000000000000000000000 -0.0020844319394365085000000000000000000000000 -0.0020844319205005212000000000000000000000000 -0.0020844319159560422000000000000000000000000 -0.0020844319375744528000000000000000000000000 -0.0020844319394568824000000000000000000000000 -0.0020844319373176899000000000000000000000000 -0.0020844319262709535000000000000000000000000 -0.0020844319290911316000000000000000000000000 -0.0020844319292899188000000000000000000000000 -0.0020844319249261082000000000000000000000000 -0.0020844319146000306000000000000000000000000 -0.0020844319505525875000000000000000000000000 -0.0020844318833704665000000000000000000000000 -0.0020844319122265737000000000000000000000000 -0.0025199054755279753000000000000000000000000 -0.0032043165411185714000000000000000000000000 -0.002144029664977207000000000000000000000000 -0.0036341912317573322000000000000000000000000 -0.0023825924574620021000000000000000000000000 -0.0039108086564437414000000000000000000000000 -0.041921293225465263000000000000000000000000 0.95050016537366133000000000000000000000000 -0.0015697257986568036000000000000000000000000 -0.001459445752024375000000000000000000000000 -0.0006280432525954257000000000000000000000000 -0.00047481312891803709000000000000000000000000 -0.00030365270016090935000000000000000000000000 -0.00026815218771854591000000000000000000000000 / -0.048268022535664458000000000000000000000000
/
