3
72
2 32
0.10000000000000001000000000000000000000000 0.20000000000000001000000000000000000000000
/
2
1
0.153656005859375000000000000000000000000 / -0.9190673828125000000000000000000000000
-0.376617431640625000000000000000000000000 / 0.66522216796875000000000000000000000000
/
38
2
-0.037963040375459056000000000000000000000000 -0.031961112792995842000000000000000000000000 / -0.26785302672845906000000000000000000000000
0.015111709805628185000000000000000000000000 -0.082639116885824385000000000000000000000000 / 0.15287486081801502000000000000000000000000
-0.58455360661416533000000000000000000000000 0.25213850744866634000000000000000000000000 / -0.61481545429652384000000000000000000000000
-0.099843029101265732000000000000000000000000 -0.23257214977032103000000000000000000000000 / -0.1301046089503485000000000000000000000000
-0.42961663606394129000000000000000000000000 0.097201004645493666000000000000000000000000 / -0.45987669522812319000000000000000000000000
0.042948907625272745000000000000000000000000 -0.37536395667908101000000000000000000000000 / 0.012686891555004196000000000000000000000000
-0.10466877698829778000000000000000000000000 -0.22774913368040575000000000000000000000000 / -0.13492117700465375000000000000000000000000
-0.41238365294145651000000000000000000000000 0.079968519661588328000000000000000000000000 / -0.44264538599067021000000000000000000000000
-0.42742888614154806000000000000000000000000 0.095013706636652054000000000000000000000000 / -0.45769046386243029000000000000000000000000
-0.4858819086592962000000000000000000000000 0.15346556784926449000000000000000000000000 / -0.51613958403834537000000000000000000000000
0.14132722474073475000000000000000000000000 -0.47374239917723954000000000000000000000000 / 0.11106562998829504000000000000000000000000
-0.065816120778059914000000000000000000000000 -0.26659918970429602000000000000000000000000 / -0.096077258379398497000000000000000000000000
0.069091872133848029000000000000000000000000 -0.40150721526507149000000000000000000000000 / 0.03883084424170026000000000000000000000000
0.013183894751506728000000000000000000000000 -0.34559908256488842000000000000000000000000 / -0.017077655050829595000000000000000000000000
0.67991161623105534000000000000000000000000 -1.0123267905200173000000000000000000000000 / 0.64965002098330094000000000000000000000000
-0.022399604024656791000000000000000000000000 -0.31001558563432591000000000000000000000000 / -0.052661147625284073000000000000000000000000
0.064331237654193296000000000000000000000000 -0.39674650667915928000000000000000000000000 / 0.03406996074475116000000000000000000000000
-0.49954202391259123000000000000000000000000 0.16712677514930574000000000000000000000000 / -0.52980336890689184000000000000000000000000
-0.40375751662778453000000000000000000000000 0.071342269293167143000000000000000000000000 / -0.43401886642281878000000000000000000000000
-0.57762637730019795000000000000000000000000 0.24521109861324664000000000000000000000000 / -0.60788762174282696000000000000000000000000
0.014668843652868954000000000000000000000000 -0.34708419652523209000000000000000000000000 / -0.015592151506273797000000000000000000000000
-0.23286902961930342000000000000000000000000 -0.09954606494852182000000000000000000000000 / -0.26313089275112556000000000000000000000000
0.029113504552507267000000000000000000000000 -0.3615290817768177000000000000000000000000 / -0.001146736719963399000000000000000000000000
0.0096741085815474619000000000000000000000000 -0.34208947850671284000000000000000000000000 / -0.020586829275773683000000000000000000000000
-0.16817038413040192000000000000000000000000 -0.69356659852541758000000000000000000000000 / -0.0034540757231811972000000000000000000000000
0.5600351772729002000000000000000000000000 0.48953720179361015000000000000000000000000 / -0.10293816102619967000000000000000000000000
-0.22652588152204964000000000000000000000000 -0.38364826294047072000000000000000000000000 / -0.358324773996538000000000000000000000000
0.16008170056433516000000000000000000000000 0.25278743837877826000000000000000000000000 / -0.44388483835742454000000000000000000000000
7.7224430494720604000000000000000000000000 -3.3344988110102314000000000000000000000000 / -11.25036227063859000000000000000000000000
6.0796830953667982000000000000000000000000 -0.14724046239765068000000000000000000000000 / -6.3942819562019846000000000000000000000000
0.984525535111751000000000000000000000000 0.39152338025217936000000000000000000000000 / -2.0833586001720494000000000000000000000000
0.63843223676761551000000000000000000000000 1.2918245006012377000000000000000000000000 / 1.3907885040679751000000000000000000000000
0.064499597573383374000000000000000000000000 0.15894880714828821000000000000000000000000 / -0.54643517075904191000000000000000000000000
0.10259682287039952000000000000000000000000 -0.23353228876972301000000000000000000000000 / -0.61168792407701511000000000000000000000000
0.063946982070378341000000000000000000000000 0.093497192523045794000000000000000000000000 / 0.091197433318941729000000000000000000000000
0.0010182016286837863000000000000000000000000 -0.19031041523073783000000000000000000000000 / -0.5718262191843958000000000000000000000000
-0.037961152333926704000000000000000000000000 -0.031957283689625124000000000000000000000000 / 0.07628958393850048000000000000000000000000
0.015106473758041184000000000000000000000000 -0.082649484866385084000000000000000000000000 / -0.68478738957521623000000000000000000000000
/
32
38
0.097350335567637877000000000000000000000000 -0.027246856108108682000000000000000000000000 -0.080486832379901438000000000000000000000000 -0.080486834936656315000000000000000000000000 -0.080486849453211814000000000000000000000000 -0.080486830772458329000000000000000000000000 -0.080486922567715447000000000000000000000000 -0.080486833474199826000000000000000000000000 -0.080486834956973563000000000000000000000000 -0.080486872208947083000000000000000000000000 -0.080486834794389395000000000000000000000000 -0.080486839158382298000000000000000000000000 -0.080486840205675717000000000000000000000000 -0.080486835223487388000000000000000000000000 -0.080486834789660719000000000000000000000000 -0.080486835282686783000000000000000000000000 -0.080486837828538327000000000000000000000000 -0.080486837178597642000000000000000000000000 -0.080486837132769426000000000000000000000000 -0.080486838138468908000000000000000000000000 -0.080486840518144642000000000000000000000000 -0.080486832232422312000000000000000000000000 -0.08048684771479328000000000000000000000000 -0.080486841065153858000000000000000000000000 -0.082770250006898499000000000000000000000000 -0.16071572982819196000000000000000000000000 -0.070291820388992815000000000000000000000000 -0.16497058914659279000000000000000000000000 -0.11227896508262523000000000000000000000000 -0.074293294116062433000000000000000000000000 -0.60818032091276231000000000000000000000000 -0.76014983810478054000000000000000000000000 0.42855215159172677000000000000000000000000 -0.041779020124837848000000000000000000000000 0.16620994781041135000000000000000000000000 -0.048443530418961683000000000000000000000000 0.097391213956680808000000000000000000000000 -0.027342119216553978000000000000000000000000 / -0.84102374986581141000000000000000000000000
-0.0056508517129596845000000000000000000000000 0.10969677671755472000000000000000000000000 -0.080195059596430571000000000000000000000000 -0.080195062174694479000000000000000000000000 -0.080195076813372207000000000000000000000000 -0.080195057975464709000000000000000000000000 -0.080195150542908211000000000000000000000000 -0.080195060699931833000000000000000000000000 -0.080195062195181605000000000000000000000000 -0.08019509976053045000000000000000000000000 -0.080195062031228295000000000000000000000000 -0.080195066431935774000000000000000000000000 -0.080195067488035732000000000000000000000000 -0.080195062463935124000000000000000000000000 -0.0801950620264619000000000000000000000000 -0.080195062523636465000000000000000000000000 -0.080195065090901491000000000000000000000000 -0.080195064435495941000000000000000000000000 -0.080195064389278495000000000000000000000000 -0.080195065403442539000000000000000000000000 -0.080195067803137829000000000000000000000000 -0.080195059447709424000000000000000000000000 -0.080195075060329746000000000000000000000000 -0.080195068354743423000000000000000000000000 -0.082714729502339851000000000000000000000000 -0.094777901895039277000000000000000000000000 -0.11150624412847786000000000000000000000000 -0.099772077888037339000000000000000000000000 -0.04676930735071301000000000000000000000000 -0.0082974775552856258000000000000000000000000 -0.54227443253902186000000000000000000000000 -0.69421501595287494000000000000000000000000 -0.022626192977437221000000000000000000000000 0.4604656531667452000000000000000000000000 0.0072942683314948312000000000000000000000000 0.2021284430186929000000000000000000000000 -0.0056525770426243509000000000000000000000000 0.1097007973999755000000000000000000000000 / -0.77508957543077528000000000000000000000000
-0.011817696060188218000000000000000000000000 -0.011132256982747151000000000000000000000000 0.91800785620669234000000000000000000000000 -0.081992146427277257000000000000000000000000 -0.081992161382215656000000000000000000000000 -0.081992142137328583000000000000000000000000 -0.081992236704869714000000000000000000000000 -0.081992144920653057000000000000000000000000 -0.081992146448208875000000000000000000000000 -0.081992184825172079000000000000000000000000 -0.081992146280713218000000000000000000000000 -0.08199215077649441000000000000000000000000 -0.081992151855409409000000000000000000000000 -0.081992146722768625000000000000000000000000 -0.081992146275844585000000000000000000000000 -0.081992146783758046000000000000000000000000 -0.081992149406489787000000000000000000000000 -0.081992148736926077000000000000000000000000 -0.081992148689710109000000000000000000000000 -0.08199214972577902000000000000000000000000 -0.081992152177321295000000000000000000000000 -0.081992143641378648000000000000000000000000 -0.08199215959130135000000000000000000000000 -0.081992152740844856000000000000000000000000 -0.083395336817948848000000000000000000000000 -0.077344188510561351000000000000000000000000 -0.07091536970755484000000000000000000000000 -0.079885696706854539000000000000000000000000 -0.025004053271153254000000000000000000000000 0.01019083845443979000000000000000000000000 -0.52353152856245255000000000000000000000000 -0.6773558580539577000000000000000000000000 -0.041325478859229221000000000000000000000000 -0.040819559504297727000000000000000000000000 -0.02426623922488302000000000000000000000000 -0.01990388213476223000000000000000000000000 -0.011841900094989142000000000000000000000000 -0.01107585181481399000000000000000000000000 / -0.75825736000659827000000000000000000000000
-0.011817696574373952000000000000000000000000 -0.011132257410027196000000000000000000000000 -0.081992147462626494000000000000000000000000 0.91800784990341722000000000000000000000000 -0.081992165051532298000000000000000000000000 -0.081992145806643477000000000000000000000000 -0.081992240374195141000000000000000000000000 -0.081992148589966368000000000000000000000000 -0.081992150117524781000000000000000000000000 -0.081992188494492482000000000000000000000000 -0.081992149950027335000000000000000000000000 -0.081992154445808318000000000000000000000000 -0.081992155524724719000000000000000000000000 -0.08199215039208467000000000000000000000000 -0.08199214994515433000000000000000000000000 -0.081992150453073356000000000000000000000000 -0.081992153075806956000000000000000000000000 -0.081992152406233948000000000000000000000000 -0.081992152359024531000000000000000000000000 -0.081992153395097828000000000000000000000000 -0.081992155846638229000000000000000000000000 -0.081992147310692307000000000000000000000000 -0.081992163260614828000000000000000000000000 -0.081992156410160236000000000000000000000000 -0.083395340658174916000000000000000000000000 -0.077344190375654792000000000000000000000000 -0.070915371557214821000000000000000000000000 -0.079885698774186317000000000000000000000000 -0.025004044417960336000000000000000000000000 0.010190846279427306000000000000000000000000 -0.52353153129422747000000000000000000000000 -0.67735586071143872000000000000000000000000 -0.041325480718076325000000000000000000000000 -0.040819561126071172000000000000000000000000 -0.024266240449436646000000000000000000000000 -0.019903882842305588000000000000000000000000 -0.011841900604605677000000000000000000000000 -0.011075852252742114000000000000000000000000 / -0.75825736292604617000000000000000000000000
-0.011817699493785971000000000000000000000000 -0.01113225983601506000000000000000000000000 -0.081992168296036491000000000000000000000000 -0.081992170930008448000000000000000000000000 0.91800781411504884000000000000000000000000 -0.081992166640052946000000000000000000000000 -0.081992261207705336000000000000000000000000 -0.081992169423380293000000000000000000000000 -0.08199217095093736000000000000000000000000 -0.081992209327948623000000000000000000000000 -0.081992170783442481000000000000000000000000 -0.08199217527922828000000000000000000000000 -0.081992176358144264000000000000000000000000 -0.081992171225498442000000000000000000000000 -0.081992170778570198000000000000000000000000 -0.081992171286487281000000000000000000000000 -0.081992173909222754000000000000000000000000 -0.081992173239655713000000000000000000000000 -0.081992173192445283000000000000000000000000 -0.081992174228510614000000000000000000000000 -0.081992176680056567000000000000000000000000 -0.081992168144102456000000000000000000000000 -0.081992184094049222000000000000000000000000 -0.081992177243583125000000000000000000000000 -0.083395362461981898000000000000000000000000 -0.077344200965171181000000000000000000000000 -0.07091538205911968000000000000000000000000 -0.079885710511971172000000000000000000000000 -0.02500399415185366000000000000000000000000 0.010190890707608549000000000000000000000000 -0.52353154680458336000000000000000000000000 -0.67735587580001111000000000000000000000000 -0.041325491272123809000000000000000000000000 -0.040819570334094606000000000000000000000000 -0.024266247402119679000000000000000000000000 -0.019903886859559947000000000000000000000000 -0.011841903498075283000000000000000000000000 -0.011075854739186269000000000000000000000000 / -0.75825737950178873000000000000000000000000
-0.011817695736917976000000000000000000000000 -0.011132256714114564000000000000000000000000 -0.081992141486403519000000000000000000000000 -0.081992144120367746000000000000000000000000 -0.081992159075305146000000000000000000000000 0.91800786016954394000000000000000000000000 -0.081992234397944661000000000000000000000000 -0.081992142613742894000000000000000000000000 -0.081992144141293438000000000000000000000000 -0.081992182518256865000000000000000000000000 -0.081992143973805026000000000000000000000000 -0.081992148469581347000000000000000000000000 -0.0819921495484984000000000000000000000000 -0.081992144415857532000000000000000000000000 -0.081992143968933812000000000000000000000000 -0.081992144476846787000000000000000000000000 -0.081992147099578042000000000000000000000000 -0.081992146430011445000000000000000000000000 -0.081992146382799211000000000000000000000000 -0.081992147418870898000000000000000000000000 -0.081992149870408315000000000000000000000000 -0.081992141334467653000000000000000000000000 -0.081992157284388231000000000000000000000000 -0.081992150433935249000000000000000000000000 -0.083395334403580046000000000000000000000000 -0.07734418733797678000000000000000000000000 -0.070915368544661642000000000000000000000000 -0.079885695407113946000000000000000000000000 -0.025004058837195933000000000000000000000000 0.010190833534832326000000000000000000000000 -0.52353152684498039000000000000000000000000 -0.67735585638314211000000000000000000000000 -0.041325477690566458000000000000000000000000 -0.04081955848468248000000000000000000000000 -0.024266238455001452000000000000000000000000 -0.01990388168992753000000000000000000000000 -0.011841899774591592000000000000000000000000 -0.011075851539486878000000000000000000000000 / -0.75825735817115425000000000000000000000000
-0.011817714197934452000000000000000000000000 -0.011132272055019979000000000000000000000000 -0.081992273227544696000000000000000000000000 -0.081992275861529657000000000000000000000000 -0.081992290816559718000000000000000000000000 -0.081992271571553185000000000000000000000000 0.91800763386031592000000000000000000000000 -0.081992274354895714000000000000000000000000 -0.081992275882454738000000000000000000000000 -0.081992314259667368000000000000000000000000 -0.081992275714962246000000000000000000000000 -0.081992280210775037000000000000000000000000 -0.081992281289697558000000000000000000000000 -0.081992276157019456000000000000000000000000 -0.081992275710089949000000000000000000000000 -0.081992276218010848000000000000000000000000 -0.08199227884075759000000000000000000000000 -0.08199227817118579000000000000000000000000 -0.081992278123974374000000000000000000000000 -0.081992279160052195000000000000000000000000 -0.081992281611607723000000000000000000000000 -0.081992273075609981000000000000000000000000 -0.081992289025633089000000000000000000000000 -0.081992282175134157000000000000000000000000 -0.083395472280741775000000000000000000000000 -0.077344254301578305000000000000000000000000 -0.070915434953762888000000000000000000000000 -0.079885769631017969000000000000000000000000 -0.025003740977689828000000000000000000000000 0.010191114476853053000000000000000000000000 -0.52353162492541383000000000000000000000000 -0.67735595179670116000000000000000000000000 -0.041325544429560337000000000000000000000000 -0.040819616712403389000000000000000000000000 -0.02426628242028326000000000000000000000000 -0.019903907093411232000000000000000000000000 -0.011841918071567568000000000000000000000000 -0.011075867262672831000000000000000000000000 / -0.75825746298886176000000000000000000000000
-0.011817696280261048000000000000000000000000 -0.011132257165624172000000000000000000000000 -0.081992145363786961000000000000000000000000 -0.081992147997749315000000000000000000000000 -0.08199216295269153000000000000000000000000 -0.081992143707800863000000000000000000000000 -0.081992238275348031000000000000000000000000 0.91800785350886027000000000000000000000000 -0.081992148018680253000000000000000000000000 -0.081992186395645095000000000000000000000000 -0.081992147851184666000000000000000000000000 -0.081992152346970604000000000000000000000000 -0.081992153425886033000000000000000000000000 -0.081992148293244235000000000000000000000000 -0.081992147846316268000000000000000000000000 -0.081992148354231964000000000000000000000000 -0.081992150976964384000000000000000000000000 -0.081992150307397357000000000000000000000000 -0.081992150260183624000000000000000000000000 -0.081992151296254895000000000000000000000000 -0.081992153747795726000000000000000000000000 -0.081992145211852954000000000000000000000000 -0.08199216116177635000000000000000000000000 -0.081992154311321008000000000000000000000000 -0.083395338461571586000000000000000000000000 -0.077344189308826403000000000000000000000000 -0.070915370499213481000000000000000000000000 -0.079885697591676533000000000000000000000000 -0.025004049481971411000000000000000000000000 0.010190841803548071000000000000000000000000 -0.52353152973167316000000000000000000000000 -0.67735585919133556000000000000000000000000 -0.041325479654820696000000000000000000000000 -0.040819560198421007000000000000000000000000 -0.024266239748995073000000000000000000000000 -0.019903882437592897000000000000000000000000 -0.011841900313106345000000000000000000000000 -0.011075852002248412000000000000000000000000 / -0.75825736125613485000000000000000000000000
-0.01181769657845967000000000000000000000000 -0.011132257413422653000000000000000000000000 -0.0819921474917851000000000000000000000000 -0.081992150125748897000000000000000000000000 -0.081992165080689114000000000000000000000000 -0.081992145835801652000000000000000000000000 -0.081992240403354885000000000000000000000000 -0.081992148619127528000000000000000000000000 0.91800784985331529000000000000000000000000 -0.081992188523649839000000000000000000000000 -0.081992149979185344000000000000000000000000 -0.081992154474969089000000000000000000000000 -0.081992155553885726000000000000000000000000 -0.081992150421239293000000000000000000000000 -0.081992149974314185000000000000000000000000 -0.081992150482226897000000000000000000000000 -0.08199215310496448000000000000000000000000 -0.081992152435394386000000000000000000000000 -0.081992152388179654000000000000000000000000 -0.081992153424251549000000000000000000000000 -0.081992155875792505000000000000000000000000 -0.081992147339850191000000000000000000000000 -0.081992163289773559000000000000000000000000 -0.081992156439319244000000000000000000000000 -0.083395340688690742000000000000000000000000 -0.077344190390475354000000000000000000000000 -0.070915371571911967000000000000000000000000 -0.079885698790616383000000000000000000000000 -0.02500404434761045000000000000000000000000 0.010190846341607876000000000000000000000000 -0.52353153131595864000000000000000000000000 -0.67735586073255183000000000000000000000000 -0.041325480732846677000000000000000000000000 -0.040819561138959112000000000000000000000000 -0.024266240459166862000000000000000000000000 -0.01990388284792827000000000000000000000000 -0.011841900608655094000000000000000000000000 -0.011075852256222173000000000000000000000000 / -0.7582573629492253000000000000000000000000
-0.011817704070192687000000000000000000000000 -0.011132263638951799000000000000000000000000 -0.081992200954075736000000000000000000000000 -0.081992203588051316000000000000000000000000 -0.081992218543029738000000000000000000000000 -0.081992199298091692000000000000000000000000 -0.081992293865893157000000000000000000000000 -0.081992202081418761000000000000000000000000 -0.081992203608979686000000000000000000000000 0.91800775801394274000000000000000000000000 -0.081992203441486639000000000000000000000000 -0.081992207937279765000000000000000000000000 -0.081992209016196457000000000000000000000000 -0.081992203883541281000000000000000000000000 -0.081992203436614924000000000000000000000000 -0.081992203944531425000000000000000000000000 -0.081992206567270909000000000000000000000000 -0.081992205897700024000000000000000000000000 -0.081992205850489566000000000000000000000000 -0.08199220688656203000000000000000000000000 -0.081992209338106664000000000000000000000000 -0.081992200802142062000000000000000000000000 -0.081992216752108008000000000000000000000000 -0.08199220990163876000000000000000000000000 -0.083395396641152822000000000000000000000000 -0.077344217565118431000000000000000000000000 -0.070915398521660511000000000000000000000000 -0.079885728911813503000000000000000000000000 -0.025003915355821759000000000000000000000000 0.010190960352083419000000000000000000000000 -0.5235315711183115000000000000000000000000 -0.67735589945255636000000000000000000000000 -0.041325507816427146000000000000000000000000 -0.04081958476845144000000000000000000000000 -0.024266258300956946000000000000000000000000 -0.019903893156951204000000000000000000000000 -0.011841908033816215000000000000000000000000 -0.011075858636890682000000000000000000000000 / -0.75825740548561016000000000000000000000000
-0.011817696545763088000000000000000000000000 -0.011132257386251326000000000000000000000000 -0.081992147258447723000000000000000000000000 -0.081992149892414656000000000000000000000000 -0.081992164847354887000000000000000000000000 -0.081992145602467481000000000000000000000000 -0.081992240170021241000000000000000000000000 -0.081992148385792121000000000000000000000000 -0.081992149913347773000000000000000000000000 -0.081992188290318388000000000000000000000000 0.91800785025414555000000000000000000000000 -0.081992154241634849000000000000000000000000 -0.081992155320553456000000000000000000000000 -0.081992150187907106000000000000000000000000 -0.081992149740981055000000000000000000000000 -0.081992150248896903000000000000000000000000 -0.081992152871628809000000000000000000000000 -0.081992152202059548000000000000000000000000 -0.081992152154849812000000000000000000000000 -0.081992153190918737000000000000000000000000 -0.081992155642460915000000000000000000000000 -0.081992147106517893000000000000000000000000 -0.081992163056442288000000000000000000000000 -0.081992156205985045000000000000000000000000 -0.083395340444488042000000000000000000000000 -0.077344190271874225000000000000000000000000 -0.070915371454293552000000000000000000000000 -0.079885698659154292000000000000000000000000 -0.025004044910596969000000000000000000000000 0.01019084584400482000000000000000000000000 -0.52353153114222728000000000000000000000000 -0.67735586056356201000000000000000000000000 -0.041325480614643875000000000000000000000000 -0.040819561035827977000000000000000000000000 -0.024266240381298633000000000000000000000000 -0.019903882802934418000000000000000000000000 -0.011841900576249054000000000000000000000000 -0.011075852228373763000000000000000000000000 / -0.75825736276356681000000000000000000000000
-0.011817697423401007000000000000000000000000 -0.011132258115555049000000000000000000000000 -0.081992153521424915000000000000000000000000 -0.081992156155389795000000000000000000000000 -0.081992171110336923000000000000000000000000 -0.081992151865442897000000000000000000000000 -0.081992246433021193000000000000000000000000 -0.081992154648765123000000000000000000000000 -0.081992156176320427000000000000000000000000 -0.081992194553305822000000000000000000000000 -0.081992156008826186000000000000000000000000 0.91800783949540865000000000000000000000000 -0.081992161583525972000000000000000000000000 -0.081992156450879955000000000000000000000000 -0.081992156003954028000000000000000000000000 -0.081992156511869765000000000000000000000000 -0.081992159134604253000000000000000000000000 -0.081992158465033341000000000000000000000000 -0.081992158417821676000000000000000000000000 -0.08199215945389457000000000000000000000000 -0.081992161905434111000000000000000000000000 -0.081992153369491283000000000000000000000000 -0.08199216931941912000000000000000000000000 -0.081992162468963861000000000000000000000000 -0.083395346999182801000000000000000000000000 -0.077344193455305604000000000000000000000000 -0.07091537461139015000000000000000000000000 -0.079885702187788579000000000000000000000000 -0.025004029799513772000000000000000000000000 0.01019085920008812000000000000000000000000 -0.52353153580497735000000000000000000000000 -0.67735586509949175000000000000000000000000 -0.041325483787418113000000000000000000000000 -0.04081956380395628000000000000000000000000 -0.024266242471426329000000000000000000000000 -0.019903884010606204000000000000000000000000 -0.011841901446088082000000000000000000000000 -0.011075852975852053000000000000000000000000 / -0.75825736774662222000000000000000000000000
-0.011817697634020928000000000000000000000000 -0.011132258290576996000000000000000000000000 -0.08199215502444121000000000000000000000000 -0.081992157658409087000000000000000000000000 -0.081992172613357811000000000000000000000000 -0.081992153368456805000000000000000000000000 -0.081992247936044441000000000000000000000000 -0.081992156151783083000000000000000000000000 -0.081992157679334848000000000000000000000000 -0.08199219605632202000000000000000000000000 -0.081992157511840608000000000000000000000000 -0.08199216200762495000000000000000000000000 0.918007836913454000000000000000000000000 -0.081992157953897873000000000000000000000000 -0.081992157506971905000000000000000000000000 -0.081992158014888072000000000000000000000000 -0.081992160637622089000000000000000000000000 -0.081992159968052286000000000000000000000000 -0.081992159920839094000000000000000000000000 -0.081992160956912863000000000000000000000000 -0.081992163408451044000000000000000000000000 -0.081992154872505385000000000000000000000000 -0.081992170822437482000000000000000000000000 -0.081992163971975743000000000000000000000000 -0.083395348572207997000000000000000000000000 -0.07734419421928411000000000000000000000000 -0.070915375369046366000000000000000000000000 -0.079885703034607083000000000000000000000000 -0.025004026173093472000000000000000000000000 0.010190862405334395000000000000000000000000 -0.52353153692394894000000000000000000000000 -0.67735586618806498000000000000000000000000 -0.041325484548835237000000000000000000000000 -0.040819564468265117000000000000000000000000 -0.024266242973025303000000000000000000000000 -0.019903884300429518000000000000000000000000 -0.011841901654836392000000000000000000000000 -0.011075853155235606000000000000000000000000 / -0.75825736894245488000000000000000000000000
-0.011817696632057792000000000000000000000000 -0.011132257457961479000000000000000000000000 -0.081992147874269353000000000000000000000000 -0.081992150508233677000000000000000000000000 -0.081992165463176947000000000000000000000000 -0.08199214621828442000000000000000000000000 -0.08199224078584072000000000000000000000000 -0.081992149001608033000000000000000000000000 -0.081992150529163921000000000000000000000000 -0.081992188906140601000000000000000000000000 -0.08199215036166882000000000000000000000000 -0.081992154857449789000000000000000000000000 -0.081992155936366468000000000000000000000000 0.91800784919628986000000000000000000000000 -0.081992150356796911000000000000000000000000 -0.081992150864712676000000000000000000000000 -0.081992153487448663000000000000000000000000 -0.08199215281787843000000000000000000000000 -0.081992152770667848000000000000000000000000 -0.08199215380673644000000000000000000000000 -0.081992156258275578000000000000000000000000 -0.081992147722332154000000000000000000000000 -0.081992163672258797000000000000000000000000 -0.081992156821801263000000000000000000000000 -0.083395341088991312000000000000000000000000 -0.077344190584892419000000000000000000000000 -0.070915371764720209000000000000000000000000 -0.079885699006115835000000000000000000000000 -0.025004043424774379000000000000000000000000 0.010190847157262758000000000000000000000000 -0.52353153160069177000000000000000000000000 -0.67735586100954182000000000000000000000000 -0.041325480926610425000000000000000000000000 -0.04081956130800863000000000000000000000000 -0.024266240586812926000000000000000000000000 -0.019903882921681101000000000000000000000000 -0.011841900661776926000000000000000000000000 -0.011075852301870947000000000000000000000000 / -0.75825736325356463000000000000000000000000
-0.011817696544811591000000000000000000000000 -0.011132257385461124000000000000000000000000 -0.081992147251669312000000000000000000000000 -0.081992149885634191000000000000000000000000 -0.081992164840574672000000000000000000000000 -0.081992145595682575000000000000000000000000 -0.081992240163235794000000000000000000000000 -0.081992148379007507000000000000000000000000 -0.081992149906562783000000000000000000000000 -0.081992188283532677000000000000000000000000 -0.081992149739068765000000000000000000000000 -0.081992154234851913000000000000000000000000 -0.081992155313766246000000000000000000000000 -0.081992150181123255000000000000000000000000 0.91800785026582343000000000000000000000000 -0.081992150242109721000000000000000000000000 -0.081992152864847609000000000000000000000000 -0.081992152195279555000000000000000000000000 -0.081992152148064823000000000000000000000000 -0.081992153184134567000000000000000000000000 -0.081992155635674954000000000000000000000000 -0.081992147099734028000000000000000000000000 -0.081992163049657535000000000000000000000000 -0.081992156199199029000000000000000000000000 -0.08339534043738632000000000000000000000000 -0.077344190268425816000000000000000000000000 -0.070915371450870457000000000000000000000000 -0.079885698655331114000000000000000000000000 -0.025004044926959852000000000000000000000000 0.010190845829542093000000000000000000000000 -0.52353153113718154000000000000000000000000 -0.67735586055863917000000000000000000000000 -0.041325480611205265000000000000000000000000 -0.040819561032829681000000000000000000000000 -0.024266240379032314000000000000000000000000 -0.019903882801626298000000000000000000000000 -0.011841900575306019000000000000000000000000 -0.011075852227563838000000000000000000000000 / -0.75825736275819378000000000000000000000000
-0.011817696643963507000000000000000000000000 -0.011132257467854964000000000000000000000000 -0.081992147959229683000000000000000000000000 -0.081992150593195007000000000000000000000000 -0.081992165548140178000000000000000000000000 -0.081992146303245889000000000000000000000000 -0.081992240870806254000000000000000000000000 -0.081992149086572819000000000000000000000000 -0.081992150614126597000000000000000000000000 -0.081992188991097406000000000000000000000000 -0.081992150446631079000000000000000000000000 -0.08199215494241352000000000000000000000000 -0.081992156021330642000000000000000000000000 -0.081992150888685306000000000000000000000000 -0.081992150441762668000000000000000000000000 0.91800784905033506000000000000000000000000 -0.081992153572409132000000000000000000000000 -0.08199215290283883000000000000000000000000 -0.081992152855628414000000000000000000000000 -0.081992153891697755000000000000000000000000 -0.081992156343239531000000000000000000000000 -0.08199214780729841000000000000000000000000 -0.081992163757218642000000000000000000000000 -0.081992156906761954000000000000000000000000 -0.083395341177908616000000000000000000000000 -0.077344190628073642000000000000000000000000 -0.070915371807548006000000000000000000000000 -0.079885699053978562000000000000000000000000 -0.025004043219771861000000000000000000000000 0.01019084733845696000000000000000000000000 -0.5235315316639495000000000000000000000000 -0.67735586107109746000000000000000000000000 -0.041325480969651801000000000000000000000000 -0.040819561345561639000000000000000000000000 -0.024266240615166978000000000000000000000000 -0.019903882938064079000000000000000000000000 -0.011841900673576839000000000000000000000000 -0.011075852312010992000000000000000000000000 / -0.75825736332116345000000000000000000000000
-0.011817697155957459000000000000000000000000 -0.01113225789331417000000000000000000000000 -0.081992151612904254000000000000000000000000 -0.081992154246869647000000000000000000000000 -0.081992169201815027000000000000000000000000 -0.081992149956914839000000000000000000000000 -0.081992244524490873000000000000000000000000 -0.081992152740242713000000000000000000000000 -0.081992154267799155000000000000000000000000 -0.081992192644777598000000000000000000000000 -0.08199215410030701000000000000000000000000 -0.081992158596088327000000000000000000000000 -0.081992159675003701000000000000000000000000 -0.081992154542362125000000000000000000000000 -0.081992154095431674000000000000000000000000 -0.081992154603349535000000000000000000000000 0.91800784277391867000000000000000000000000 -0.081992156556515372000000000000000000000000 -0.08199215650929946000000000000000000000000 -0.081992157545370925000000000000000000000000 -0.081992159996912742000000000000000000000000 -0.081992151460964113000000000000000000000000 -0.081992167410894323000000000000000000000000 -0.081992160560437635000000000000000000000000 -0.083395345001764862000000000000000000000000 -0.077344192485215527000000000000000000000000 -0.070915373649325625000000000000000000000000 -0.079885701112507923000000000000000000000000 -0.025004034404331056000000000000000000000000 0.010190855130074835000000000000000000000000 -0.52353153438409805000000000000000000000000 -0.67735586371723722000000000000000000000000 -0.041325482820575028000000000000000000000000 -0.040819562960423612000000000000000000000000 -0.024266241834499588000000000000000000000000 -0.019903883642592188000000000000000000000000 -0.011841901181021096000000000000000000000000 -0.01107585274807282000000000000000000000000 / -0.75825736622813611000000000000000000000000
-0.011817697025247931000000000000000000000000 -0.011132257784696328000000000000000000000000 -0.081992150680139472000000000000000000000000 -0.081992153314105851000000000000000000000000 -0.081992168269049301000000000000000000000000 -0.08199214902415275000000000000000000000000 -0.081992243591722871000000000000000000000000 -0.081992151807480956000000000000000000000000 -0.081992153335033041000000000000000000000000 -0.081992191712008625000000000000000000000000 -0.081992153167539342000000000000000000000000 -0.081992157663319382000000000000000000000000 -0.081992158742238724000000000000000000000000 -0.081992153609594651000000000000000000000000 -0.081992153162668446000000000000000000000000 -0.081992153670585363000000000000000000000000 -0.08199215629331541000000000000000000000000 0.91800784437624949000000000000000000000000 -0.081992155576533887000000000000000000000000 -0.081992156612608724000000000000000000000000 -0.081992159064149542000000000000000000000000 -0.081992150528202468000000000000000000000000 -0.08199216647813054000000000000000000000000 -0.081992159627670702000000000000000000000000 -0.083395344025551182000000000000000000000000 -0.077344192011098808000000000000000000000000 -0.070915373179127592000000000000000000000000 -0.079885700586975084000000000000000000000000 -0.025004036654861214000000000000000000000000 0.010190853140923115000000000000000000000000 -0.52353153368966687000000000000000000000000 -0.67735586304172213000000000000000000000000 -0.041325482348043674000000000000000000000000 -0.040819562548156815000000000000000000000000 -0.024266241523210084000000000000000000000000 -0.019903883462729317000000000000000000000000 -0.011841901051473079000000000000000000000000 -0.011075852636748193000000000000000000000000 / -0.75825736548597422000000000000000000000000
-0.011817697016031522000000000000000000000000 -0.011132257777037817000000000000000000000000 -0.081992150614370402000000000000000000000000 -0.081992153248333116000000000000000000000000 -0.081992168203276011000000000000000000000000 -0.081992148958383568000000000000000000000000 -0.081992243525953773000000000000000000000000 -0.081992151741711081000000000000000000000000 -0.08199215326926336000000000000000000000000 -0.081992191646238569000000000000000000000000 -0.081992153101772866000000000000000000000000 -0.081992157597550602000000000000000000000000 -0.081992158676470805000000000000000000000000 -0.081992153543824289000000000000000000000000 -0.081992153096897669000000000000000000000000 -0.081992153604812115000000000000000000000000 -0.081992156227550669000000000000000000000000 -0.081992155557978619000000000000000000000000 0.91800784448923911000000000000000000000000 -0.081992156546838016000000000000000000000000 -0.081992158998378639000000000000000000000000 -0.081992150462431745000000000000000000000000 -0.081992166412360498000000000000000000000000 -0.081992159561902672000000000000000000000000 -0.083395343956719908000000000000000000000000 -0.077344191977667398000000000000000000000000 -0.070915373145975083000000000000000000000000 -0.079885700549919975000000000000000000000000 -0.025004036813555987000000000000000000000000 0.010190853000657332000000000000000000000000 -0.52353153364068372000000000000000000000000 -0.67735586299408135000000000000000000000000 -0.041325482314724632000000000000000000000000 -0.040819562519087582000000000000000000000000 -0.024266241501260954000000000000000000000000 -0.019903883450047483000000000000000000000000 -0.011841901042338567000000000000000000000000 -0.011075852628898824000000000000000000000000 / -0.75825736543365574000000000000000000000000
-0.011817697218286289000000000000000000000000 -0.011132257945108604000000000000000000000000 -0.081992152057698386000000000000000000000000 -0.081992154691664348000000000000000000000000 -0.081992169646605259000000000000000000000000 -0.081992150401710623000000000000000000000000 -0.081992244969287656000000000000000000000000 -0.081992153185040162000000000000000000000000 -0.081992154712591303000000000000000000000000 -0.081992193089572965000000000000000000000000 -0.081992154545098409000000000000000000000000 -0.081992159040882764000000000000000000000000 -0.081992160119796667000000000000000000000000 -0.081992154987152246000000000000000000000000 -0.081992154540227888000000000000000000000000 -0.081992155048139739000000000000000000000000 -0.081992157670875379000000000000000000000000 -0.081992157001304355000000000000000000000000 -0.0819921569540909000000000000000000000000 0.9180078420098533000000000000000000000000 -0.081992160441705819000000000000000000000000 -0.081992151905759536000000000000000000000000 -0.08199216785568951000000000000000000000000 -0.081992161005230282000000000000000000000000 -0.083395345467277615000000000000000000000000 -0.077344192711304618000000000000000000000000 -0.070915373873541715000000000000000000000000 -0.079885701363108338000000000000000000000000 -0.025004033331136676000000000000000000000000 0.010190856078630588000000000000000000000000 -0.52353153471522929000000000000000000000000 -0.67735586403941539000000000000000000000000 -0.041325483045900967000000000000000000000000 -0.040819563157012462000000000000000000000000 -0.024266241982938596000000000000000000000000 -0.019903883728359724000000000000000000000000 -0.011841901242796047000000000000000000000000 -0.011075852801158014000000000000000000000000 / -0.75825736658203158000000000000000000000000
-0.011817697696861303000000000000000000000000 -0.011132258342796634000000000000000000000000 -0.081992155472879719000000000000000000000000 -0.081992158106848456000000000000000000000000 -0.081992173061796916000000000000000000000000 -0.081992153816897312000000000000000000000000 -0.081992248384489624000000000000000000000000 -0.081992156600224561000000000000000000000000 -0.081992158127780809000000000000000000000000 -0.081992196504761555000000000000000000000000 -0.081992157960283391000000000000000000000000 -0.081992162456065013000000000000000000000000 -0.081992163534987533000000000000000000000000 -0.081992158402341989000000000000000000000000 -0.081992157955414049000000000000000000000000 -0.081992158463327511000000000000000000000000 -0.08199216108606594000000000000000000000000 -0.081992160416492599000000000000000000000000 -0.081992160369280129000000000000000000000000 -0.081992161405352593000000000000000000000000 0.91800783614308246000000000000000000000000 -0.081992155320945684000000000000000000000000 -0.081992171270876588000000000000000000000000 -0.081992164420417957000000000000000000000000 -0.083395349041539432000000000000000000000000 -0.077344194447222334000000000000000000000000 -0.070915375595103067000000000000000000000000 -0.07988570328726434000000000000000000000000 -0.025004025091108426000000000000000000000000 0.010190863361656834000000000000000000000000 -0.52353153725779566000000000000000000000000 -0.67735586651286483000000000000000000000000 -0.04132548477601157000000000000000000000000 -0.040819564666468772000000000000000000000000 -0.024266243122681976000000000000000000000000 -0.019903884386901379000000000000000000000000 -0.011841901717118353000000000000000000000000 -0.011075853208756578000000000000000000000000 / -0.75825736929925547000000000000000000000000
-0.011817696030528534000000000000000000000000 -0.011132256958099855000000000000000000000000 -0.081992143581655727000000000000000000000000 -0.081992146215622425000000000000000000000000 -0.081992161170560879000000000000000000000000 -0.081992141925673695000000000000000000000000 -0.08199223649320922000000000000000000000000 -0.081992144709001999000000000000000000000000 -0.081992146236552724000000000000000000000000 -0.081992184613516692000000000000000000000000 -0.081992146069055444000000000000000000000000 -0.08199215056483744000000000000000000000000 -0.081992151643755215000000000000000000000000 -0.081992146511111197000000000000000000000000 -0.08199214606418459000000000000000000000000 -0.081992146572100438000000000000000000000000 -0.081992149194831138000000000000000000000000 -0.081992148525266637000000000000000000000000 -0.081992148478049476000000000000000000000000 -0.081992149514123369000000000000000000000000 -0.081992151965662285000000000000000000000000 0.9180078565702734000000000000000000000000 -0.081992159379645227000000000000000000000000 -0.081992152529188927000000000000000000000000 -0.083395336596430891000000000000000000000000 -0.077344188402977535000000000000000000000000 -0.070915369600856135000000000000000000000000 -0.079885696587602265000000000000000000000000 -0.025004053781834148000000000000000000000000 0.010190838003070258000000000000000000000000 -0.52353152840488992000000000000000000000000 -0.67735585790064468000000000000000000000000 -0.041325478752006602000000000000000000000000 -0.040819559410747844000000000000000000000000 -0.024266239154247193000000000000000000000000 -0.019903882093948454000000000000000000000000 -0.011841900065593023000000000000000000000000 -0.011075851789552485000000000000000000000000 / -0.75825735983820031000000000000000000000000
-0.011817699144173927000000000000000000000000 -0.011132259545492604000000000000000000000000 -0.081992165801149514000000000000000000000000 -0.081992168435115809000000000000000000000000 -0.081992183390070542000000000000000000000000 -0.081992164145168023000000000000000000000000 -0.081992258712800525000000000000000000000000 -0.081992166928493967000000000000000000000000 -0.081992168456046885000000000000000000000000 -0.081992206833052403000000000000000000000000 -0.081992168288551673000000000000000000000000 -0.081992172784338721000000000000000000000000 -0.081992173863253304000000000000000000000000 -0.081992168730607287000000000000000000000000 -0.081992168283681249000000000000000000000000 -0.081992168791595238000000000000000000000000 -0.08199217141433271000000000000000000000000 -0.081992170744763213000000000000000000000000 -0.081992170697550285000000000000000000000000 -0.081992171733621888000000000000000000000000 -0.081992174185166133000000000000000000000000 -0.081992165649216284000000000000000000000000 0.91800781840084722000000000000000000000000 -0.081992174748692706000000000000000000000000 -0.083395359850881076000000000000000000000000 -0.07734419969703013000000000000000000000000 -0.070915380801471681000000000000000000000000 -0.079885709106327543000000000000000000000000 -0.025004000171436006000000000000000000000000 0.010190885387147266000000000000000000000000 -0.52353154494715226000000000000000000000000 -0.67735587399309338000000000000000000000000 -0.041325490008231124000000000000000000000000 -0.040819569231393203000000000000000000000000 -0.024266246569507335000000000000000000000000 -0.019903886378476128000000000000000000000000 -0.011841903151569929000000000000000000000000 -0.011075854441423973000000000000000000000000 / -0.75825737751675981000000000000000000000000
-0.011817697806869068000000000000000000000000 -0.011132258434211853000000000000000000000000 -0.081992156257917212000000000000000000000000 -0.081992158891884506000000000000000000000000 -0.081992173846831856000000000000000000000000 -0.08199215460193128000000000000000000000000 -0.081992249169525799000000000000000000000000 -0.081992157385256767000000000000000000000000 -0.081992158912811711000000000000000000000000 -0.081992197289800409000000000000000000000000 -0.081992158745317789000000000000000000000000 -0.081992163241102561000000000000000000000000 -0.081992164320021751000000000000000000000000 -0.081992159187372876000000000000000000000000 -0.08199215874044366000000000000000000000000 -0.081992159248366447000000000000000000000000 -0.081992161871097369000000000000000000000000 -0.08199216120152876000000000000000000000000 -0.081992161154313278000000000000000000000000 -0.081992162190386506000000000000000000000000 -0.08199216464192606000000000000000000000000 -0.081992156105981678000000000000000000000000 -0.08199217205591236000000000000000000000000 0.91800783479451675000000000000000000000000 -0.083395349863140414000000000000000000000000 -0.077344194846252337000000000000000000000000 -0.070915375990829782000000000000000000000000 -0.079885703729565952000000000000000000000000 -0.025004023196996582000000000000000000000000 0.010190865035790853000000000000000000000000 -0.52353153784227324000000000000000000000000 -0.67735586708143114000000000000000000000000 -0.041325485173702325000000000000000000000000 -0.04081956501344098000000000000000000000000 -0.024266243384669921000000000000000000000000 -0.019903884538277902000000000000000000000000 -0.011841901826148554000000000000000000000000 -0.011075853302449912000000000000000000000000 / -0.75825736992383841000000000000000000000000
0.089479614480946296000000000000000000000000 0.069656558273555658000000000000000000000000 -0.3353813723984031000000000000000000000000 -0.33538138321585892000000000000000000000000 -0.33538144463575004000000000000000000000000 -0.33538136559748055000000000000000000000000 -0.3353817540179323000000000000000000000000 -0.33538137702828497000000000000000000000000 -0.33538138330182721000000000000000000000000 -0.33538154092016448000000000000000000000000 -0.33538138261389522000000000000000000000000 -0.33538140107786607000000000000000000000000 -0.33538140550894668000000000000000000000000 -0.33538138442940663000000000000000000000000 -0.33538138259394229000000000000000000000000 -0.33538138467988782000000000000000000000000 -0.33538139545131795000000000000000000000000 -0.33538139270141293000000000000000000000000 -0.33538139250751103000000000000000000000000 -0.33538139676261886000000000000000000000000 -0.33538140683102696000000000000000000000000 -0.33538137177440719000000000000000000000000 -0.33538143728036041000000000000000000000000 -0.33538140914537534000000000000000000000000 0.84001285624275668000000000000000000000000 0.21440127491168556000000000000000000000000 0.57995610673106168000000000000000000000000 0.75520847269019864000000000000000000000000 0.4794798825450346000000000000000000000000 0.30844869292475863000000000000000000000000 -0.1929980426898871000000000000000000000000 -0.39944142430701141000000000000000000000000 -0.15685855049353126000000000000000000000000 -0.34187151687737094000000000000000000000000 0.25473851380217266000000000000000000000000 0.015332561979655641000000000000000000000000 0.089509547831170405000000000000000000000000 0.069586801305191862000000000000000000000000 / -0.48077197375383529000000000000000000000000
0.023064851253766446000000000000000000000000 0.015065232183210086000000000000000000000000 -0.15088425653249493000000000000000000000000 -0.1508842608481826000000000000000000000000 -0.15088428535190807000000000000000000000000 -0.15088425381921744000000000000000000000000 -0.15088440877840864000000000000000000000000 -0.15088425837961131000000000000000000000000 -0.15088426088247983000000000000000000000000 -0.15088432376460681000000000000000000000000 -0.15088426060802915000000000000000000000000 -0.15088426797432428000000000000000000000000 -0.1508842697421276000000000000000000000000 -0.15088426133233579000000000000000000000000 -0.15088426060006119000000000000000000000000 -0.15088426143226571000000000000000000000000 -0.15088426572958738000000000000000000000000 -0.15088426463249879000000000000000000000000 -0.15088426455513915000000000000000000000000 -0.15088426625273427000000000000000000000000 -0.15088427026957105000000000000000000000000 -0.15088425628354629000000000000000000000000 -0.15088428241744992000000000000000000000000 -0.15088427119289849000000000000000000000000 -0.1005151354931154000000000000000000000000 0.87490908946906298000000000000000000000000 0.087214012648109476000000000000000000000000 0.08750280269345688000000000000000000000000 0.055146534089397667000000000000000000000000 0.022546664772160108000000000000000000000000 -0.5018409573341529000000000000000000000000 -0.6749133351166694000000000000000000000000 -0.073200790879331179000000000000000000000000 -0.12996998642329097000000000000000000000000 0.064080400482356248000000000000000000000000 -0.0040918093448481987000000000000000000000000 0.022985637061593962000000000000000000000000 0.015249828680461486000000000000000000000000 / -0.756005626774785000000000000000000000000
-0.022327570659768672000000000000000000000000 -0.0020177258955807417000000000000000000000000 -0.16473438822717881000000000000000000000000 -0.16473439001602511000000000000000000000000 -0.1647344001723994000000000000000000000000 -0.16473438710253668000000000000000000000000 -0.1647344513207542000000000000000000000000 -0.1647343889928084000000000000000000000000 -0.16473439003024348000000000000000000000000 -0.16473441609250097000000000000000000000000 -0.16473438991646991000000000000000000000000 -0.16473439296975381000000000000000000000000 -0.16473439370248438000000000000000000000000 -0.16473439021669972000000000000000000000000 -0.16473438991318748000000000000000000000000 -0.1647343902581232000000000000000000000000 -0.16473439203933732000000000000000000000000 -0.16473439158460063000000000000000000000000 -0.16473439155253541000000000000000000000000 -0.16473439225617051000000000000000000000000 -0.16473439392110939000000000000000000000000 -0.16473438812398963000000000000000000000000 -0.16473439895615244000000000000000000000000 -0.16473439430380363000000000000000000000000 -0.10130667547945738000000000000000000000000 -0.0028605576083219749000000000000000000000000 0.74541219958721683000000000000000000000000 0.33227934355944905000000000000000000000000 0.27300468398850719000000000000000000000000 0.21509485287363678000000000000000000000000 -0.30532261663451388000000000000000000000000 -0.4845845261004782000000000000000000000000 -0.019811066871169514000000000000000000000000 -0.058743693792843846000000000000000000000000 0.04519708819572172000000000000000000000000 0.011078778395218456000000000000000000000000 -0.022398043625678175000000000000000000000000 -0.0018534913388580762000000000000000000000000 / -0.5657259056209748000000000000000000000000
-0.022369145792256951000000000000000000000000 -0.017543641533171235000000000000000000000000 -0.088736059757849692000000000000000000000000 -0.088736068368617901000000000000000000000000 -0.088736117257592007000000000000000000000000 -0.08873605434420645000000000000000000000000 -0.088736363477521576000000000000000000000000 -0.088736063443281249000000000000000000000000 -0.088736068437043125000000000000000000000000 -0.088736193892471685000000000000000000000000 -0.088736067889484418000000000000000000000000 -0.088736082586688428000000000000000000000000 -0.088736086113776799000000000000000000000000 -0.088736069334612505000000000000000000000000 -0.088736067873556604000000000000000000000000 -0.088736069533995904000000000000000000000000 -0.088736078108009431000000000000000000000000 -0.088736075919108606000000000000000000000000 -0.088736075764765637000000000000000000000000 -0.088736079151797126000000000000000000000000 -0.088736087166123093000000000000000000000000 -0.088736059261159184000000000000000000000000 -0.08873611140299395000000000000000000000000 -0.088736089008347646000000000000000000000000 -0.095388725594463514000000000000000000000000 -0.064763134049584503000000000000000000000000 -0.013857871981035122000000000000000000000000 0.79170855844596488000000000000000000000000 0.20852805762970586000000000000000000000000 0.13661176163629477000000000000000000000000 -0.38403472915888864000000000000000000000000 -0.57383087077846651000000000000000000000000 -0.083715193633654969000000000000000000000000 -0.039997806322813648000000000000000000000000 -0.081371958936190425000000000000000000000000 -0.036307922362721221000000000000000000000000 -0.022579792502136264000000000000000000000000 -0.017052746444416012000000000000000000000000 / -0.65514212538604599000000000000000000000000
-0.0066835545311361919000000000000000000000000 -0.005990674020994612000000000000000000000000 0.1037753570922859000000000000000000000000 0.10377536829031465000000000000000000000000 0.10377543187109566000000000000000000000000 0.10377535005208903000000000000000000000000 0.10377575214171648000000000000000000000000 0.10377536188505861000000000000000000000000 0.10377536837929227000000000000000000000000 0.10377553154352805000000000000000000000000 0.10377536766719735000000000000000000000000 0.10377538678071889000000000000000000000000 0.10377539136769839000000000000000000000000 0.10377536954655904000000000000000000000000 0.10377536764650225000000000000000000000000 0.1037753698058512000000000000000000000000 0.10377538095621434000000000000000000000000 0.10377537810957861000000000000000000000000 0.10377537790885834000000000000000000000000 0.10377538231366155000000000000000000000000 0.10377539273628039000000000000000000000000 0.10377535644635005000000000000000000000000 0.10377542425691126000000000000000000000000 0.10377539513209254000000000000000000000000 0.054739992275272251000000000000000000000000 0.01841096002155353000000000000000000000000 -0.023460353185678146000000000000000000000000 -0.11588477728722187000000000000000000000000 3.8592275320426301000000000000000000000000 -1.0242476751661873000000000000000000000000 -0.95861812080333675000000000000000000000000 -1.1080540919174753000000000000000000000000 0.035030685347642608000000000000000000000000 0.052368275345212337000000000000000000000000 -0.028246978978810334000000000000000000000000 0.0099217723319901564000000000000000000000000 -0.0066432166783582372000000000000000000000000 -0.0060846818875608093000000000000000000000000 / -1.2329121352980392000000000000000000000000
-0.18937033452290736000000000000000000000000 -0.18595356900744553000000000000000000000000 -1.6279569253625195000000000000000000000000 -1.6279570136458779000000000000000000000000 -1.6279575148950476000000000000000000000000 -1.6279568698583837000000000000000000000000 -1.6279600395158356000000000000000000000000 -1.6279569631479514000000000000000000000000 -1.627957014347347000000000000000000000000 -1.6279583006409153000000000000000000000000 -1.6279570087334798000000000000000000000000 -1.6279571594198345000000000000000000000000 -1.6279571955822334000000000000000000000000 -1.627957023549897000000000000000000000000 -1.6279570085701285000000000000000000000000 -1.6279570255941225000000000000000000000000 -1.6279571135009887000000000000000000000000 -1.627957091058843000000000000000000000000 -1.6279570894764255000000000000000000000000 -1.6279571242027413000000000000000000000000 -1.6279572063717005000000000000000000000000 -1.6279569202700672000000000000000000000000 -1.6279574548683575000000000000000000000000 -1.6279572252596148000000000000000000000000 -1.6782052855526166000000000000000000000000 -1.7692413307823434000000000000000000000000 -1.4228827850620429000000000000000000000000 -1.9602070663989364000000000000000000000000 -9.8719166678189421000000000000000000000000 7.4396813044495351000000000000000000000000 2.0215059943430003000000000000000000000000 2.5912451255469073000000000000000000000000 -0.72300702292162056000000000000000000000000 -0.75851877638184917000000000000000000000000 -0.45438220235461713000000000000000000000000 -0.32259948862084087000000000000000000000000 -0.18936908567277685000000000000000000000000 -0.18595647501647122000000000000000000000000 / 2.2909802174050533000000000000000000000000
-0.039933022959232241000000000000000000000000 -0.036706768420521958000000000000000000000000 -0.29459716124752439000000000000000000000000 -0.2945971910044396000000000000000000000000 -0.29459735995550856000000000000000000000000 -0.29459714253919878000000000000000000000000 -0.29459821088627275000000000000000000000000 -0.29459717398353524000000000000000000000000 -0.29459719124087957000000000000000000000000 -0.2945976247966422000000000000000000000000 -0.29459718934865292000000000000000000000000 -0.29459724013912686000000000000000000000000 -0.29459725232804873000000000000000000000000 -0.29459719434270082000000000000000000000000 -0.29459718929360384000000000000000000000000 -0.29459719503171788000000000000000000000000 -0.29459722466170607000000000000000000000000 -0.29459721709733538000000000000000000000000 -0.29459721656395454000000000000000000000000 -0.29459722826884249000000000000000000000000 -0.29459725596474789000000000000000000000000 -0.29459715953105758000000000000000000000000 -0.2945973397229662000000000000000000000000 -0.294597262331108000000000000000000000000 -0.31877762519220987000000000000000000000000 -0.34937777763675187000000000000000000000000 -0.25836791045368823000000000000000000000000 -0.34372065894740156000000000000000000000000 -2.6334013555483895000000000000000000000000 -5.2263100913062255000000000000000000000000 4.4537733798420964000000000000000000000000 1.8661088612032275000000000000000000000000 -0.15738592452797193000000000000000000000000 -0.14967318702309976000000000000000000000000 -0.10236510176411606000000000000000000000000 -0.064861129332490677000000000000000000000000 -0.039998489045164246000000000000000000000000 -0.036554202028587619000000000000000000000000 / 1.9918138879223408000000000000000000000000
-0.00035751776220026787000000000000000000000000 -0.00035287771752036943000000000000000000000000 -0.0021375338957268022000000000000000000000000 -0.002137533852600116000000000000000000000000 -0.0021375336077350125000000000000000000000000 -0.0021375339228405441000000000000000000000000 -0.0021375323743425103000000000000000000000000 -0.0021375338772685812000000000000000000000000 -0.0021375338522574791000000000000000000000000 -0.0021375332238784835000000000000000000000000 -0.002137533855000014000000000000000000000000 -0.002137533781388804000000000000000000000000 -0.0021375337637231603000000000000000000000000 -0.0021375338477619592000000000000000000000000 -0.0021375338550797237000000000000000000000000 -0.0021375338467634689000000000000000000000000 -0.0021375338038204694000000000000000000000000 -0.0021375338147835649000000000000000000000000 -0.0021375338155565104000000000000000000000000 -0.0021375337985925767000000000000000000000000 -0.0021375337584523162000000000000000000000000 -0.0021375338982145206000000000000000000000000 -0.0021375336370589013000000000000000000000000 -0.0021375337492255311000000000000000000000000 -0.0024986043076230774000000000000000000000000 -0.0028955413626806279000000000000000000000000 -0.0021314152193257939000000000000000000000000 -0.0038293541123984617000000000000000000000000 -0.0020413744626576694000000000000000000000000 -0.0037093600640282476000000000000000000000000 -0.041673261502692474000000000000000000000000 0.95083615080065964000000000000000000000000 -0.0010999094739253109000000000000000000000000 -0.0010377550008285428000000000000000000000000 -0.00080060700035805544000000000000000000000000 -0.00054022779775047094000000000000000000000000 -0.00036477671345648414000000000000000000000000 -0.00033596143297195898000000000000000000000000 / -0.04793005145876305000000000000000000000000
/
