3
72
2 32
0.10000000000000001000000000000000000000000 0.20000000000000001000000000000000000000000
/
2
1
0.153656005859375000000000000000000000000 / -0.9190673828125000000000000000000000000
-0.376617431640625000000000000000000000000 / 0.66522216796875000000000000000000000000
/
38
2
-0.081022260338436264000000000000000000000000 -0.081007510285262985000000000000000000000000 / -0.2738402042577493000000000000000000000000
-0.018659862509978128000000000000000000000000 -0.12121277405508099000000000000000000000000 / 0.1480727759643648000000000000000000000000
-0.58363652026786172000000000000000000000000 0.24877272601275732000000000000000000000000 / -0.61909832207873794000000000000000000000000
-0.098925948280787962000000000000000000000000 -0.23593793764413468000000000000000000000000 / -0.13438747764463965000000000000000000000000
-0.42869958661723234000000000000000000000000 0.093835180219412673000000000000000000000000 / -0.46415956910091283000000000000000000000000
0.043865997445705143000000000000000000000000 -0.37872973406743227000000000000000000000000 / 0.0084040243462202829000000000000000000000000
-0.10375188555089031000000000000000000000000 -0.23111514219720891000000000000000000000000 / -0.13920407695886444000000000000000000000000
-0.41146656896021894000000000000000000000000 0.076602735470241809000000000000000000000000 / -0.44692825416325443000000000000000000000000
-0.42651180536497385000000000000000000000000 0.091647918711688175000000000000000000000000 / -0.46197333256396822000000000000000000000000
-0.48496490839206158000000000000000000000000 0.1500996861261418000000000000000000000000 / -0.52042246602870279000000000000000000000000
0.14224430586867931000000000000000000000000 -0.47710818669283578000000000000000000000000 / 0.10678276134475416000000000000000000000000
-0.064899049081807686000000000000000000000000 -0.26996498820835857000000000000000000000000 / -0.10036012857971377000000000000000000000000
0.070008941566644292000000000000000000000000 -0.40487301640619228000000000000000000000000 / 0.034547973667783477000000000000000000000000
0.014100974952071597000000000000000000000000 -0.34896487116093611000000000000000000000000 / -0.021360523847442102000000000000000000000000
0.68082869736923735000000000000000000000000 -1.0156925780236867000000000000000000000000 / 0.64536715234144915000000000000000000000000
-0.021482523952042868000000000000000000000000 -0.31338137437944397000000000000000000000000 / -0.056944016443015867000000000000000000000000
0.065248312224574945000000000000000000000000 -0.40011230183469509000000000000000000000000 / 0.029787091018833388000000000000000000000000
-0.49862494793752343000000000000000000000000 0.16376098163030969000000000000000000000000 / -0.53408623840095515000000000000000000000000
-0.40284044055367196000000000000000000000000 0.067976475889564889000000000000000000000000 / -0.43830173590053395000000000000000000000000
-0.57670930339965776000000000000000000000000 0.24184530267730703000000000000000000000000 / -0.61217049157930725000000000000000000000000
0.015585912410340888000000000000000000000000 -0.35044999845314478000000000000000000000000 / -0.019875022191658497000000000000000000000000
-0.23195194295425592000000000000000000000000 -0.10291184601307619000000000000000000000000 / -0.26741376048072707000000000000000000000000
0.030030557756324957000000000000000000000000 -0.36489490182564588000000000000000000000000 / -0.0054296099726096267000000000000000000000000
0.010591176156790031000000000000000000000000 -0.34545528181199081000000000000000000000000 / -0.024869700156294052000000000000000000000000
-0.17908427440607963000000000000000000000000 -0.70847885774262476000000000000000000000000 / -0.0074524446647099866000000000000000000000000
0.55092497671530771000000000000000000000000 0.47656922481628333000000000000000000000000 / -0.10679593744593355000000000000000000000000
-0.25110445463643544000000000000000000000000 -0.41571797274874506000000000000000000000000 / -0.36581591069042652000000000000000000000000
0.093752150362430869000000000000000000000000 0.14705102581686574000000000000000000000000 / -0.48329170071743272000000000000000000000000
7.7113590611457292000000000000000000000000 -3.35170281375526000000000000000000000000 / -11.256482285057288000000000000000000000000
6.0843179027629741000000000000000000000000 -0.13957199355772101000000000000000000000000 / -6.3912482947582294000000000000000000000000
0.99023196945350844000000000000000000000000 0.39539554093943374000000000000000000000000 / -2.0851928738265522000000000000000000000000
0.63858150691953874000000000000000000000000 1.292059767750354000000000000000000000000 / 1.3908745010651666000000000000000000000000
0.099694633081132425000000000000000000000000 0.19434492204930293000000000000000000000000 / -0.54623409136577672000000000000000000000000
0.24697425677882839000000000000000000000000 -0.076498839353856443000000000000000000000000 / -0.59903190856957689000000000000000000000000
-0.1186359547459723000000000000000000000000 -0.11178765580395297000000000000000000000000 / 0.068495521808293644000000000000000000000000
-0.012479497680792696000000000000000000000000 -0.20681693988895078000000000000000000000000 / -0.57483504453313194000000000000000000000000
-0.082630207504413883000000000000000000000000 -0.082682594313849625000000000000000000000000 / 0.070233328484763116000000000000000000000000
-0.016199012901093542000000000000000000000000 -0.11864561487218904000000000000000000000000 / -0.6894780329218857000000000000000000000000
/
32
38
0.098825380643795854000000000000000000000000 -0.025262081177006679000000000000000000000000 -0.079782917310666474000000000000000000000000 -0.079782919921698642000000000000000000000000 -0.079782934746418635000000000000000000000000 -0.079782915669098606000000000000000000000000 -0.079783009412849909000000000000000000000000 -0.079782918428195612000000000000000000000000 -0.079782919942447059000000000000000000000000 -0.079782957985199868000000000000000000000000 -0.079782919776411595000000000000000000000000 -0.07978292423304674000000000000000000000000 -0.079782925302572694000000000000000000000000 -0.079782920214618663000000000000000000000000 -0.079782919771582236000000000000000000000000 -0.079782920275074914000000000000000000000000 -0.079782922874971837000000000000000000000000 -0.079782922211233606000000000000000000000000 -0.079782922164432626000000000000000000000000 -0.079782923191481961000000000000000000000000 -0.079782925621674716000000000000000000000000 -0.079782917160056505000000000000000000000000 -0.079782932971096787000000000000000000000000 -0.079782926180296462000000000000000000000000 -0.082604199819333202000000000000000000000000 -0.14547667684372295000000000000000000000000 -0.070038602045875531000000000000000000000000 -0.15061168075989978000000000000000000000000 -0.098598056472797582000000000000000000000000 -0.059153333941690228000000000000000000000000 -0.5932714335184498000000000000000000000000 -0.7447491532827496000000000000000000000000 0.44246179137428032000000000000000000000000 -0.036491728157232887000000000000000000000000 0.16858022912843915000000000000000000000000 -0.047681348977654095000000000000000000000000 0.09921184280771507000000000000000000000000 -0.026199937470832203000000000000000000000000 / -0.82561787548945154000000000000000000000000
-0.0058328209727810691000000000000000000000000 0.10902902961175329000000000000000000000000 -0.080051475347974188000000000000000000000000 -0.080051477899204235000000000000000000000000 -0.080051492384391715000000000000000000000000 -0.080051473744004648000000000000000000000000 -0.080051565340871877000000000000000000000000 -0.08005147643990479000000000000000000000000 -0.080051477919476546000000000000000000000000 -0.08005151509094531000000000000000000000000 -0.080051477757242237000000000000000000000000 -0.080051482111807154000000000000000000000000 -0.080051483156833567000000000000000000000000 -0.080051478185412125000000000000000000000000 -0.080051477752525857000000000000000000000000 -0.080051478244487467000000000000000000000000 -0.080051480784833998000000000000000000000000 -0.080051480136300715000000000000000000000000 -0.08005148009056777000000000000000000000000 -0.080051481094098015000000000000000000000000 -0.080051483468631862000000000000000000000000 -0.080051475200812586000000000000000000000000 -0.080051490649730259000000000000000000000000 -0.08005148401445368000000000000000000000000 -0.082670579582558898000000000000000000000000 -0.12673203367854902000000000000000000000000 -0.11143797718142998000000000000000000000000 -0.13146819764693971000000000000000000000000 -0.079190840244328056000000000000000000000000 -0.04026163721936598000000000000000000000000 -0.57431552688221355000000000000000000000000 -0.72612632187965298000000000000000000000000 -0.054751111161055965000000000000000000000000 0.42405052829685902000000000000000000000000 0.0072209661724476687000000000000000000000000 0.20219327749227864000000000000000000000000 -0.0059285968008146762000000000000000000000000 0.1094463759016172000000000000000000000000 / -0.80699969405786398000000000000000000000000
-0.011546802956451541000000000000000000000000 -0.010776065743259067000000000000000000000000 0.91808667870127458000000000000000000000000 -0.081913323962257395000000000000000000000000 -0.081913339085041809000000000000000000000000 -0.08191331962415993000000000000000000000000 -0.081913415253029601000000000000000000000000 -0.081913322438723304000000000000000000000000 -0.081913323983423769000000000000000000000000 -0.08191336279110295000000000000000000000000 -0.081913323814048297000000000000000000000000 -0.08191332836028796000000000000000000000000 -0.081913329451312134000000000000000000000000 -0.08191332426106511000000000000000000000000 -0.081913323809124847000000000000000000000000 -0.081913324322739053000000000000000000000000 -0.081913326974907136000000000000000000000000 -0.081913326297828451000000000000000000000000 -0.081913326250082616000000000000000000000000 -0.08191332729777985000000000000000000000000 -0.081913329776836963000000000000000000000000 -0.081913321145090798000000000000000000000000 -0.081913337274027206000000000000000000000000 -0.081913330346685298000000000000000000000000 -0.083423132282577139000000000000000000000000 -0.076664670088847739000000000000000000000000 -0.070926366082706777000000000000000000000000 -0.079284045932040317000000000000000000000000 -0.024413330720623117000000000000000000000000 0.011038497225562377000000000000000000000000 -0.52277271259595359000000000000000000000000 -0.6767136713233578000000000000000000000000 -0.040941105822982306000000000000000000000000 -0.038530670307746186000000000000000000000000 -0.023781419152005226000000000000000000000000 -0.019779357458705165000000000000000000000000 -0.011502999986367316000000000000000000000000 -0.010877954645974831000000000000000000000000 / -0.75761808710472889000000000000000000000000
-0.011546803241567117000000000000000000000000 -0.01077606587012681000000000000000000000000 -0.081913324864993392000000000000000000000000 0.9180866724714889000000000000000000000000 -0.081913342651307827000000000000000000000000 -0.081913323190424242000000000000000000000000 -0.081913418819304903000000000000000000000000 -0.081913326004986145000000000000000000000000 -0.081913327549689094000000000000000000000000 -0.081913366357372897000000000000000000000000 -0.081913327380311901000000000000000000000000 -0.081913331926551272000000000000000000000000 -0.081913333017576959000000000000000000000000 -0.081913327827330615000000000000000000000000 -0.081913327375384079000000000000000000000000 -0.081913327889003879000000000000000000000000 -0.081913330541173737000000000000000000000000 -0.081913329864085851000000000000000000000000 -0.081913329816346483000000000000000000000000 -0.081913330864048173000000000000000000000000 -0.081913333343103356000000000000000000000000 -0.081913324711353833000000000000000000000000 -0.081913340840290116000000000000000000000000 -0.081913333912950179000000000000000000000000 -0.083423136099725209000000000000000000000000 -0.076664671848624508000000000000000000000000 -0.070926367897768058000000000000000000000000 -0.079284048087180536000000000000000000000000 -0.024413321963430233000000000000000000000000 0.011038505134784502000000000000000000000000 -0.52277271526849545000000000000000000000000 -0.67671367385266223000000000000000000000000 -0.040941107785013038000000000000000000000000 -0.038530672013330804000000000000000000000000 -0.023781419996329965000000000000000000000000 -0.019779358049137555000000000000000000000000 -0.011503000211230017000000000000000000000000 -0.010877954912409209000000000000000000000000 / -0.75761808989519153000000000000000000000000
-0.011546804860393505000000000000000000000000 -0.010776066590471759000000000000000000000000 -0.08191334511331605000000000000000000000000 -0.081913347776850651000000000000000000000000 0.91808663710036076000000000000000000000000 -0.081913343438746219000000000000000000000000 -0.081913439067730048000000000000000000000000 -0.081913346253312661000000000000000000000000 -0.081913347798014319000000000000000000000000 -0.081913386605742725000000000000000000000000 -0.081913347628639679000000000000000000000000 -0.081913352174883991000000000000000000000000 -0.081913353265909344000000000000000000000000 -0.081913348075657005000000000000000000000000 -0.081913347623712579000000000000000000000000 -0.081913348137330338000000000000000000000000 -0.081913350789502307000000000000000000000000 -0.081913350112420208000000000000000000000000 -0.081913350064679896000000000000000000000000 -0.081913351112373717000000000000000000000000 -0.081913353591434493000000000000000000000000 -0.081913344959676768000000000000000000000000 -0.081913361088637587000000000000000000000000 -0.081913354161285867000000000000000000000000 -0.083423157772502879000000000000000000000000 -0.076664681840185669000000000000000000000000 -0.070926378203233081000000000000000000000000 -0.079284060323510597000000000000000000000000 -0.024413272242378589000000000000000000000000 0.011038550041224353000000000000000000000000 -0.52277273044254202000000000000000000000000 -0.67671368821349143000000000000000000000000 -0.04094111892490182000000000000000000000000 -0.03853068169719881000000000000000000000000 -0.023781424790197708000000000000000000000000 -0.019779361401474124000000000000000000000000 -0.011503001487960447000000000000000000000000 -0.010877956425167914000000000000000000000000 / -0.75761810573859911000000000000000000000000
-0.011546802777199267000000000000000000000000 -0.010776065663497775000000000000000000000000 -0.081913319056609507000000000000000000000000 -0.081913321720136378000000000000000000000000 -0.081913336842919821000000000000000000000000 0.91808668261792425000000000000000000000000 -0.081913413010892819000000000000000000000000 -0.081913320196601802000000000000000000000000 -0.081913321741296938000000000000000000000000 -0.08191336054897623000000000000000000000000 -0.081913321571928668000000000000000000000000 -0.08191332611816339000000000000000000000000 -0.081913327209189674000000000000000000000000 -0.081913322018942636000000000000000000000000 -0.081913321567002706000000000000000000000000 -0.08191332208061651000000000000000000000000 -0.081913324732783899000000000000000000000000 -0.081913324055702424000000000000000000000000 -0.081913324007960281000000000000000000000000 -0.081913325055660319000000000000000000000000 -0.08191332753471256000000000000000000000000 -0.08191331890296849000000000000000000000000 -0.081913335031902665000000000000000000000000 -0.081913328104564337000000000000000000000000 -0.08342312988271762000000000000000000000000 -0.076664668982476702000000000000000000000000 -0.070926364941566108000000000000000000000000 -0.079284044577094023000000000000000000000000 -0.024413336226310041000000000000000000000000 0.011038492252995922000000000000000000000000 -0.52277271091572219000000000000000000000000 -0.67671366973312685000000000000000000000000 -0.040941104589447365000000000000000000000000 -0.038530669235437971000000000000000000000000 -0.023781418621176088000000000000000000000000 -0.019779357087498919000000000000000000000000 -0.011502999844996439000000000000000000000000 -0.010877954478467023000000000000000000000000 / -0.75761808535037856000000000000000000000000
-0.011546813014270928000000000000000000000000 -0.010776070219175931000000000000000000000000 -0.081913447098088329000000000000000000000000 -0.081913449761636087000000000000000000000000 -0.08191346488451462000000000000000000000000 -0.081913445423510298000000000000000000000000 0.91808645894701535000000000000000000000000 -0.081913448238092351000000000000000000000000 -0.081913449782796147000000000000000000000000 -0.081913488590730971000000000000000000000000 -0.081913449613423797000000000000000000000000 -0.081913454159695726000000000000000000000000 -0.081913455250727754000000000000000000000000 -0.081913450060442539000000000000000000000000 -0.081913449608496849000000000000000000000000 -0.081913450122118439000000000000000000000000 -0.08191345277430194000000000000000000000000 -0.081913452097215025000000000000000000000000 -0.081913452049473701000000000000000000000000 -0.081913453097180206000000000000000000000000 -0.081913455576250849000000000000000000000000 -0.08191344694444834000000000000000000000000 -0.081913463073487722000000000000000000000000 -0.081913456146102168000000000000000000000000 -0.083423266931347093000000000000000000000000 -0.076664732165016639000000000000000000000000 -0.070926430108526173000000000000000000000000 -0.079284121953393322000000000000000000000000 -0.024413021813305322000000000000000000000000 0.011038776219207442000000000000000000000000 -0.52277280686954608000000000000000000000000 -0.67671376054493715000000000000000000000000 -0.040941175032841004000000000000000000000000 -0.038530730471856678000000000000000000000000 -0.023781448935698644000000000000000000000000 -0.019779378286531681000000000000000000000000 -0.011503007918905519000000000000000000000000 -0.010877964044784444000000000000000000000000 / -0.75761818553730065000000000000000000000000
-0.011546803078481787000000000000000000000000 -0.010776065797558897000000000000000000000000 -0.0819133228250985000000000000000000000000 -0.08191332548862347000000000000000000000000 -0.081913340611411714000000000000000000000000 -0.081913321150526353000000000000000000000000 -0.081913416779402295000000000000000000000000 0.91808667603489624000000000000000000000000 -0.081913325509789303000000000000000000000000 -0.081913364317470191000000000000000000000000 -0.081913325340413984000000000000000000000000 -0.081913329886658282000000000000000000000000 -0.081913330977682927000000000000000000000000 -0.081913325787434904000000000000000000000000 -0.081913325335490714000000000000000000000000 -0.081913325849107071000000000000000000000000 -0.081913328501275751000000000000000000000000 -0.08191332782419386000000000000000000000000 -0.081913327776450176000000000000000000000000 -0.081913328824149867000000000000000000000000 -0.081913331303205494000000000000000000000000 -0.081913322671459246000000000000000000000000 -0.081913338800396446000000000000000000000000 -0.081913331873055578000000000000000000000000 -0.083423133916322459000000000000000000000000 -0.0766646708420365000000000000000000000000 -0.070926366859557152000000000000000000000000 -0.079284046854444054000000000000000000000000 -0.024413326972528845000000000000000000000000 0.011038500610723914000000000000000000000000 -0.52277271373982337000000000000000000000000 -0.67671367240587676000000000000000000000000 -0.04094110666273601000000000000000000000000 -0.038530671037740563000000000000000000000000 -0.023781419513378439000000000000000000000000 -0.019779357711412052000000000000000000000000 -0.011503000082609195000000000000000000000000 -0.010877954760009531000000000000000000000000 / -0.75761808829906063000000000000000000000000
-0.011546803243832757000000000000000000000000 -0.010776065871135346000000000000000000000000 -0.081913324893333306000000000000000000000000 -0.081913327556859594000000000000000000000000 -0.081913342679645909000000000000000000000000 -0.081913323218763684000000000000000000000000 -0.081913418847645844000000000000000000000000 -0.08191332603332846000000000000000000000000 0.91808667242196995000000000000000000000000 -0.081913366385711589000000000000000000000000 -0.081913327408651163000000000000000000000000 -0.081913331954893226000000000000000000000000 -0.08191333304591919000000000000000000000000 -0.081913327855666476000000000000000000000000 -0.081913327403725159000000000000000000000000 -0.081913327917338546000000000000000000000000 -0.081913330569512527000000000000000000000000 -0.081913329892427458000000000000000000000000 -0.081913329844682831000000000000000000000000 -0.081913330892383118000000000000000000000000 -0.081913333371438884000000000000000000000000 -0.081913324739693039000000000000000000000000 -0.081913340868630252000000000000000000000000 -0.081913333941290425000000000000000000000000 -0.083423136130057696000000000000000000000000 -0.07666467186260803000000000000000000000000 -0.070926367912190258000000000000000000000000 -0.079284048104307808000000000000000000000000 -0.024413321893842824000000000000000000000000 0.01103850519763467000000000000000000000000 -0.52277271528975611000000000000000000000000 -0.67671367387275805000000000000000000000000 -0.040941107800602887000000000000000000000000 -0.038530672026884406000000000000000000000000 -0.023781420003039115000000000000000000000000 -0.01977935805382974000000000000000000000000 -0.011503000213016949000000000000000000000000 -0.010877954914526672000000000000000000000000 / -0.75761808991734658000000000000000000000000
-0.011546807398078373000000000000000000000000 -0.010776067719742719000000000000000000000000 -0.081913376854206396000000000000000000000000 -0.081913379517744606000000000000000000000000 -0.081913394640570181000000000000000000000000 -0.081913375179636122000000000000000000000000 -0.081913470808772607000000000000000000000000 -0.081913377994202258000000000000000000000000 -0.081913379538907899000000000000000000000000 0.91808658165329515000000000000000000000000 -0.081913379369534911000000000000000000000000 -0.081913383915786994000000000000000000000000 -0.081913385006813014000000000000000000000000 -0.081913379816551127000000000000000000000000 -0.081913379364608491000000000000000000000000 -0.081913379878225653000000000000000000000000 -0.081913382530401743000000000000000000000000 -0.081913381853315884000000000000000000000000 -0.081913381805575614000000000000000000000000 -0.08191338285327654000000000000000000000000 -0.081913385332336053000000000000000000000000 -0.081913376700567447000000000000000000000000 -0.081913392829548237000000000000000000000000 -0.081913385902193006000000000000000000000000 -0.083423191746279948000000000000000000000000 -0.07666469750280884000000000000000000000000 -0.070926394357846159000000000000000000000000 -0.079284079504838109000000000000000000000000 -0.024413194300739838000000000000000000000000 0.011038620435394145000000000000000000000000 -0.52277275422908498000000000000000000000000 -0.67671371072526298000000000000000000000000 -0.040941136387531919000000000000000000000000 -0.038530696877436092000000000000000000000000 -0.023781432305002161000000000000000000000000 -0.019779366656579048000000000000000000000000 -0.011503003489395706000000000000000000000000 -0.010877958796580076000000000000000000000000 / -0.75761813057444827000000000000000000000000
-0.011546803225702239000000000000000000000000 -0.010776065863066573000000000000000000000000 -0.08191332466654852000000000000000000000000 -0.081913327330078098000000000000000000000000 -0.081913342452864427000000000000000000000000 -0.081913322991982215000000000000000000000000 -0.081913418620864917000000000000000000000000 -0.081913325806545853000000000000000000000000 -0.081913327351246082000000000000000000000000 -0.081913366158932757000000000000000000000000 0.9180866728181285000000000000000000000000 -0.081913331728111813000000000000000000000000 -0.081913332819139664000000000000000000000000 -0.081913327628887075000000000000000000000000 -0.081913327176944759000000000000000000000000 -0.081913327690561408000000000000000000000000 -0.081913330342729518000000000000000000000000 -0.081913329665645365000000000000000000000000 -0.08191332961790572000000000000000000000000 -0.081913330665603079000000000000000000000000 -0.081913333144660053000000000000000000000000 -0.081913324512913416000000000000000000000000 -0.081913340641851712000000000000000000000000 -0.081913333714508985000000000000000000000000 -0.083423135887322433000000000000000000000000 -0.076664671750704377000000000000000000000000 -0.070926367796771972000000000000000000000000 -0.079284047967262794000000000000000000000000 -0.02441332245072551000000000000000000000000 0.011038504694674729000000000000000000000000 -0.52277271511979129000000000000000000000000 -0.67671367371191804000000000000000000000000 -0.040941107675839486000000000000000000000000 -0.038530671918424422000000000000000000000000 -0.023781419949348799000000000000000000000000 -0.019779358016282712000000000000000000000000 -0.011503000198717762000000000000000000000000 -0.010877954897583177000000000000000000000000 / -0.75761808973988964000000000000000000000000
-0.011546803712353873000000000000000000000000 -0.010776066079614361000000000000000000000000 -0.081913330753634911000000000000000000000000 -0.081913333417162393000000000000000000000000 -0.081913348539955702000000000000000000000000 -0.081913329079066635000000000000000000000000 -0.081913424707974802000000000000000000000000 -0.081913331893628011000000000000000000000000 -0.081913333438327837000000000000000000000000 -0.081913372246029667000000000000000000000000 -0.081913333268953878000000000000000000000000 0.91808666218482304000000000000000000000000 -0.081913338906221364000000000000000000000000 -0.081913333715969039000000000000000000000000 -0.081913333264026902000000000000000000000000 -0.081913333777643413000000000000000000000000 -0.081913336429814132000000000000000000000000 -0.081913335752728383000000000000000000000000 -0.081913335704986739000000000000000000000000 -0.081913336752688123000000000000000000000000 -0.081913339231742419000000000000000000000000 -0.081913330599996004000000000000000000000000 -0.081913346728937769000000000000000000000000 -0.081913339801596929000000000000000000000000 -0.083423142402626729000000000000000000000000 -0.0766646747543763000000000000000000000000 -0.070926370894814156000000000000000000000000 -0.079284051645771195000000000000000000000000 -0.024413307503498228000000000000000000000000 0.011038518194533834000000000000000000000000 -0.52277271968143924000000000000000000000000 -0.67671367802907123000000000000000000000000 -0.040941111024731053000000000000000000000000 -0.038530674829603782000000000000000000000000 -0.023781421390486435000000000000000000000000 -0.019779359024064764000000000000000000000000 -0.011503000582527399000000000000000000000000 -0.010877955352348976000000000000000000000000 / -0.75761809450278772000000000000000000000000
-0.011546803829143318000000000000000000000000 -0.010776066131583046000000000000000000000000 -0.081913332214440165000000000000000000000000 -0.081913334877970645000000000000000000000000 -0.081913350000765633000000000000000000000000 -0.081913330539869739000000000000000000000000 -0.081913426168787162000000000000000000000000 -0.081913333354434931000000000000000000000000 -0.081913334899131357000000000000000000000000 -0.081913373706834866000000000000000000000000 -0.081913334729757203000000000000000000000000 -0.081913339276000113000000000000000000000000 0.91808665963296965000000000000000000000000 -0.081913335176775987000000000000000000000000 -0.081913334724833725000000000000000000000000 -0.081913335238450596000000000000000000000000 -0.081913337890621024000000000000000000000000 -0.081913337213536219000000000000000000000000 -0.081913337165793257000000000000000000000000 -0.081913338213495432000000000000000000000000 -0.081913340692548312000000000000000000000000 -0.081913332060799163000000000000000000000000 -0.081913348189745216000000000000000000000000 -0.081913341262397896000000000000000000000000 -0.083423143966198848000000000000000000000000 -0.076664675475215827000000000000000000000000 -0.070926371638298319000000000000000000000000 -0.079284052528557622000000000000000000000000 -0.024413303916401279000000000000000000000000 0.011038521434283523000000000000000000000000 -0.52277272077614645000000000000000000000000 -0.67671367906514046000000000000000000000000 -0.040941111828414034000000000000000000000000 -0.038530675528242762000000000000000000000000 -0.023781421736338102000000000000000000000000 -0.019779359265917684000000000000000000000000 -0.011503000674636389000000000000000000000000 -0.010877955461486181000000000000000000000000 / -0.75761809564578586000000000000000000000000
-0.011546803273552774000000000000000000000000 -0.010776065884359453000000000000000000000000 -0.08191332526507554000000000000000000000000 -0.08191332792860255000000000000000000000000 -0.081913343051391863000000000000000000000000 -0.081913323590504489000000000000000000000000 -0.081913419219389785000000000000000000000000 -0.081913326405067183000000000000000000000000 -0.081913327949767509000000000000000000000000 -0.081913366757460387000000000000000000000000 -0.08191332778039262000000000000000000000000 -0.081913332326632129000000000000000000000000 -0.081913333417658052000000000000000000000000 0.91808667177260594000000000000000000000000 -0.08191332777546606000000000000000000000000 -0.081913328289082474000000000000000000000000 -0.081913330941254706000000000000000000000000 -0.081913330264169637000000000000000000000000 -0.081913330216429145000000000000000000000000 -0.081913331264125991000000000000000000000000 -0.081913333743179995000000000000000000000000 -0.081913325111433011000000000000000000000000 -0.081913341240373541000000000000000000000000 -0.081913334313030495000000000000000000000000 -0.083423136527952593000000000000000000000000 -0.076664672046047197000000000000000000000000 -0.070926368101391968000000000000000000000000 -0.079284048328960688000000000000000000000000 -0.024413320981013838000000000000000000000000 0.011038506022069895000000000000000000000000 -0.52277271556831462000000000000000000000000 -0.67671367413638683000000000000000000000000 -0.040941108005122705000000000000000000000000 -0.038530672204670623000000000000000000000000 -0.023781420091050432000000000000000000000000 -0.019779358115375009000000000000000000000000 -0.011503000236456284000000000000000000000000 -0.010877954942299078000000000000000000000000 / -0.75761809020824056000000000000000000000000
-0.011546803225174934000000000000000000000000 -0.010776065862832708000000000000000000000000 -0.081913324659961012000000000000000000000000 -0.08191332732348848000000000000000000000000 -0.081913342446275073000000000000000000000000 -0.08191332298538824000000000000000000000000 -0.081913418614270345000000000000000000000000 -0.081913325799952086000000000000000000000000 -0.081913327344652009000000000000000000000000 -0.081913366152337908000000000000000000000000 -0.081913327175278106000000000000000000000000 -0.081913331721519683000000000000000000000000 -0.081913332812543288000000000000000000000000 -0.081913327622294044000000000000000000000000 0.91808667282966983000000000000000000000000 -0.081913327683965129000000000000000000000000 -0.081913330336139192000000000000000000000000 -0.081913329659056247000000000000000000000000 -0.081913329611311606000000000000000000000000 -0.081913330659009673000000000000000000000000 -0.081913333138064925000000000000000000000000 -0.081913324506320509000000000000000000000000 -0.081913340635257695000000000000000000000000 -0.081913333707913774000000000000000000000000 -0.083423135880263469000000000000000000000000 -0.076664671747450744000000000000000000000000 -0.070926367793412951000000000000000000000000 -0.079284047963276635000000000000000000000000 -0.024413322466910133000000000000000000000000 0.011038504680056417000000000000000000000000 -0.52277271511485457000000000000000000000000 -0.67671367370723179000000000000000000000000 -0.040941107672209404000000000000000000000000 -0.03853067191527057000000000000000000000000 -0.023781419947786625000000000000000000000000 -0.019779358015191494000000000000000000000000 -0.011503000198302065000000000000000000000000 -0.010877954897090817000000000000000000000000 / -0.75761808973475486000000000000000000000000
-0.011546803280154361000000000000000000000000 -0.010776065887296855000000000000000000000000 -0.081913325347649737000000000000000000000000 -0.081913328011177663000000000000000000000000 -0.081913343133969016000000000000000000000000 -0.081913323673079783000000000000000000000000 -0.081913419301969187000000000000000000000000 -0.08191332648764578000000000000000000000000 -0.081913328032344052000000000000000000000000 -0.081913366840031074000000000000000000000000 -0.081913327862968857000000000000000000000000 -0.081913332409209741000000000000000000000000 -0.081913333500236121000000000000000000000000 -0.081913328309984379000000000000000000000000 -0.081913327858045712000000000000000000000000 0.91808667162835245000000000000000000000000 -0.081913331023829139000000000000000000000000 -0.08191333034674389000000000000000000000000 -0.081913330299003564000000000000000000000000 -0.081913331346701215000000000000000000000000 -0.081913333825757911000000000000000000000000 -0.081913325194013162000000000000000000000000 -0.08191334132294717000000000000000000000000 -0.081913334395605095000000000000000000000000 -0.083423136616335519000000000000000000000000 -0.076664672086790009000000000000000000000000 -0.070926368143418655000000000000000000000000 -0.07928404837885665000000000000000000000000 -0.024413320778234313000000000000000000000000 0.011038506205214493000000000000000000000000 -0.52277271563020089000000000000000000000000 -0.67671367419497352000000000000000000000000 -0.040941108050553301000000000000000000000000 -0.038530672244164274000000000000000000000000 -0.023781420110600266000000000000000000000000 -0.019779358129046288000000000000000000000000 -0.011503000241662689000000000000000000000000 -0.010877954948468167000000000000000000000000 / -0.75761809027285199000000000000000000000000
-0.011546803564055947000000000000000000000000 -0.010776066013626079000000000000000000000000 -0.081913328898713653000000000000000000000000 -0.08191333156224169000000000000000000000000 -0.081913346685033153000000000000000000000000 -0.081913327224138105000000000000000000000000 -0.081913422853043621000000000000000000000000 -0.081913330038704865000000000000000000000000 -0.081913331583406093000000000000000000000000 -0.081913370391100707000000000000000000000000 -0.081913331414034105000000000000000000000000 -0.081913335960273795000000000000000000000000 -0.081913337051298551000000000000000000000000 -0.081913331861050598000000000000000000000000 -0.08191333140910402000000000000000000000000 -0.081913331922722502000000000000000000000000 0.9180866654251103000000000000000000000000 -0.081913333897809762000000000000000000000000 -0.08191333385006401000000000000000000000000 -0.081913334897763784000000000000000000000000 -0.081913337376820425000000000000000000000000 -0.081913328745068251000000000000000000000000 -0.081913344874012362000000000000000000000000 -0.081913337946670092000000000000000000000000 -0.083423140417212355000000000000000000000000 -0.076664673839064265000000000000000000000000 -0.070926369950745347000000000000000000000000 -0.079284050524819225000000000000000000000000 -0.024413312058383416000000000000000000000000 0.011038514080707735000000000000000000000000 -0.52277271829136773000000000000000000000000 -0.67671367671348415000000000000000000000000 -0.040941110004219433000000000000000000000000 -0.038530673942479013000000000000000000000000 -0.023781420951327046000000000000000000000000 -0.01977935871696334000000000000000000000000 -0.011503000465568602000000000000000000000000 -0.010877955213768286000000000000000000000000 / -0.75761809305138983000000000000000000000000
-0.011546803491577039000000000000000000000000 -0.010776065981374336000000000000000000000000 -0.08191332799214468000000000000000000000000 -0.081913330655673758000000000000000000000000 -0.08191334577846332000000000000000000000000 -0.08191332631757188000000000000000000000000 -0.081913421946471374000000000000000000000000 -0.081913329132139043000000000000000000000000 -0.081913330676835844000000000000000000000000 -0.081913369484527626000000000000000000000000 -0.081913330507462287000000000000000000000000 -0.081913335053700742000000000000000000000000 -0.081913336144729343000000000000000000000000 -0.081913330954479058000000000000000000000000 -0.08191333050253663000000000000000000000000 -0.081913331016154223000000000000000000000000 -0.081913333668320612000000000000000000000000 0.91808666700876029000000000000000000000000 -0.08191333294349426000000000000000000000000 -0.081913333991197546000000000000000000000000 -0.081913336470253131000000000000000000000000 -0.081913327838502428000000000000000000000000 -0.08191334396744436000000000000000000000000 -0.081913337040099052000000000000000000000000 -0.083423139446865163000000000000000000000000 -0.076664673391719645000000000000000000000000 -0.070926369489342486000000000000000000000000 -0.079284049976965212000000000000000000000000 -0.024413314284510015000000000000000000000000 0.011038512070143192000000000000000000000000 -0.52277271761199495000000000000000000000000 -0.67671367607055244000000000000000000000000 -0.040941109505458428000000000000000000000000 -0.038530673508907327000000000000000000000000 -0.023781420736693325000000000000000000000000 -0.019779358566870575000000000000000000000000 -0.01150300040840623000000000000000000000000 -0.010877955146038102000000000000000000000000 / -0.75761809234201671000000000000000000000000
-0.011546803486466514000000000000000000000000 -0.010776065979100448000000000000000000000000 -0.081913327928222743000000000000000000000000 -0.08191333059174806000000000000000000000000 -0.081913345714537164000000000000000000000000 -0.081913326253649846000000000000000000000000 -0.081913421882549381000000000000000000000000 -0.081913329068216356000000000000000000000000 -0.081913330612913171000000000000000000000000 -0.081913369420604634000000000000000000000000 -0.081913330443542876000000000000000000000000 -0.081913334989779082000000000000000000000000 -0.081913336080808516000000000000000000000000 -0.081913330890555636000000000000000000000000 -0.081913330438612972000000000000000000000000 -0.081913330952228011000000000000000000000000 -0.081913333604402797000000000000000000000000 -0.081913332927315965000000000000000000000000 0.91808666712043219000000000000000000000000 -0.08191333392727379000000000000000000000000 -0.081913336406329265000000000000000000000000 -0.08191332777457884000000000000000000000000 -0.08191334390352141000000000000000000000000 -0.081913336976178058000000000000000000000000 -0.083423139378447544000000000000000000000000 -0.076664673360175878000000000000000000000000 -0.070926369456810148000000000000000000000000 -0.079284049938336099000000000000000000000000 -0.024413314441484042000000000000000000000000 0.011038511928367602000000000000000000000000 -0.52277271756407351000000000000000000000000 -0.67671367602520904000000000000000000000000 -0.040941109470289769000000000000000000000000 -0.038530673478335796000000000000000000000000 -0.023781420721559497000000000000000000000000 -0.019779358556287843000000000000000000000000 -0.011503000404375713000000000000000000000000 -0.010877955141262606000000000000000000000000 / -0.75761809229201105000000000000000000000000
-0.011546803598616916000000000000000000000000 -0.010776066029004557000000000000000000000000 -0.08191332933101593000000000000000000000000 -0.081913331994544564000000000000000000000000 -0.081913347117331642000000000000000000000000 -0.081913327656442103000000000000000000000000 -0.081913423285348549000000000000000000000000 -0.081913330471010612000000000000000000000000 -0.081913332015706386000000000000000000000000 -0.081913370823404344000000000000000000000000 -0.08191333184633369000000000000000000000000 -0.081913336392576488000000000000000000000000 -0.081913337483599746000000000000000000000000 -0.081913332293348948000000000000000000000000 -0.081913331841408393000000000000000000000000 -0.08191333235502099000000000000000000000000 -0.081913335007192833000000000000000000000000 -0.081913334330106877000000000000000000000000 -0.081913334282363567000000000000000000000000 0.91808666466995237000000000000000000000000 -0.081913337809121689000000000000000000000000 -0.08191332917737186000000000000000000000000 -0.081913345306315666000000000000000000000000 -0.08191333837897101000000000000000000000000 -0.08342314087992754000000000000000000000000 -0.076664674052387083000000000000000000000000 -0.07092637017076743000000000000000000000000 -0.079284050786063792000000000000000000000000 -0.024413310996826327000000000000000000000000 0.011038515039474226000000000000000000000000 -0.5227727186153196000000000000000000000000 -0.67671367702012508000000000000000000000000 -0.040941110242053422000000000000000000000000 -0.038530674149227589000000000000000000000000 -0.023781421053674735000000000000000000000000 -0.019779358788534679000000000000000000000000 -0.01150300049282571000000000000000000000000 -0.010877955246065017000000000000000000000000 / -0.75761809338965036000000000000000000000000
-0.011546803863988398000000000000000000000000 -0.010776066147088462000000000000000000000000 -0.081913332650284623000000000000000000000000 -0.081913335313815949000000000000000000000000 -0.081913350436610646000000000000000000000000 -0.081913330975716112000000000000000000000000 -0.081913426604638268000000000000000000000000 -0.081913333790282358000000000000000000000000 -0.081913335334983142000000000000000000000000 -0.081913374142680448000000000000000000000000 -0.081913335165605977000000000000000000000000 -0.081913339711846153000000000000000000000000 -0.081913340802877849000000000000000000000000 -0.081913335612625912000000000000000000000000 -0.081913335160681819000000000000000000000000 -0.081913335674296039000000000000000000000000 -0.081913338326470728000000000000000000000000 -0.081913337649382509000000000000000000000000 -0.081913337601640143000000000000000000000000 -0.081913338649341111000000000000000000000000 0.91808665887157925000000000000000000000000 -0.081913332496645286000000000000000000000000 -0.081913348625590174000000000000000000000000 -0.081913341698246017000000000000000000000000 -0.083423144432709873000000000000000000000000 -0.076664675690282791000000000000000000000000 -0.070926371860126583000000000000000000000000 -0.079284052791945892000000000000000000000000 -0.024413302846148378000000000000000000000000 0.011038522400900832000000000000000000000000 -0.52277272110275474000000000000000000000000 -0.67671367937427573000000000000000000000000 -0.040941112068200433000000000000000000000000 -0.038530675736688835000000000000000000000000 -0.023781421839525939000000000000000000000000 -0.019779359338077118000000000000000000000000 -0.011503000702117802000000000000000000000000 -0.010877955494048413000000000000000000000000 / -0.75761809598682295000000000000000000000000
-0.011546802940005218000000000000000000000000 -0.010776065735940343000000000000000000000000 -0.081913321093017341000000000000000000000000 -0.081913323756546697000000000000000000000000 -0.081913338879331152000000000000000000000000 -0.081913319418449301000000000000000000000000 -0.081913415047313268000000000000000000000000 -0.081913322233016464000000000000000000000000 -0.081913323777711836000000000000000000000000 -0.08191336258539178000000000000000000000000 -0.081913323608334809000000000000000000000000 -0.081913328154575207000000000000000000000000 -0.081913329245602184000000000000000000000000 -0.081913324055351941000000000000000000000000 -0.081913323603409097000000000000000000000000 -0.08191332411702569000000000000000000000000 -0.081913326769192579000000000000000000000000 -0.081913326092113159000000000000000000000000 -0.081913326044366269000000000000000000000000 -0.081913327092068458000000000000000000000000 -0.081913329571122184000000000000000000000000 0.91808667906061669000000000000000000000000 -0.081913337068315356000000000000000000000000 -0.081913330140973642000000000000000000000000 -0.083423132062390423000000000000000000000000 -0.076664669987338785000000000000000000000000 -0.070926365978003864000000000000000000000000 -0.0792840458077229000000000000000000000000 -0.024413331225766419000000000000000000000000 0.011038496769334072000000000000000000000000 -0.52277271244180856000000000000000000000000 -0.67671367117743775000000000000000000000000 -0.040941105709807683000000000000000000000000 -0.038530670209361864000000000000000000000000 -0.02378141910330198000000000000000000000000 -0.019779357424646659000000000000000000000000 -0.011502999973396539000000000000000000000000 -0.010877954630605527000000000000000000000000 / -0.75761808694377109000000000000000000000000
-0.011546804666530932000000000000000000000000 -0.010776066504205706000000000000000000000000 -0.081913342688495094000000000000000000000000 -0.08191334535202402000000000000000000000000 -0.081913360474825322000000000000000000000000 -0.081913341013927471000000000000000000000000 -0.08191343664289108000000000000000000000000 -0.081913343828492441000000000000000000000000 -0.081913345373190033000000000000000000000000 -0.081913384180912568000000000000000000000000 -0.081913345203815047000000000000000000000000 -0.081913349750060649000000000000000000000000 -0.081913350841084462000000000000000000000000 -0.08191334565083204000000000000000000000000 -0.08191334519888982000000000000000000000000 -0.08191334571250454000000000000000000000000 -0.08191334836467834000000000000000000000000 -0.08191334768759391000000000000000000000000 -0.081913347639851114000000000000000000000000 -0.081913348687551082000000000000000000000000 -0.081913351166610332000000000000000000000000 -0.08191334253485677000000000000000000000000 0.91808664133619289000000000000000000000000 -0.081913351736461595000000000000000000000000 -0.083423155177093269000000000000000000000000 -0.076664680643651714000000000000000000000000 -0.070926376969109362000000000000000000000000 -0.079284058858164391000000000000000000000000 -0.024413278196688804000000000000000000000000 0.011038544663489941000000000000000000000000 -0.52277272862538426000000000000000000000000 -0.67671368649372232000000000000000000000000 -0.040941117590852755000000000000000000000000 -0.038530680537514142000000000000000000000000 -0.023781424216110687000000000000000000000000 -0.019779361000016454000000000000000000000000 -0.011503001335064997000000000000000000000000 -0.010877956244007697000000000000000000000000 / -0.75761810384126926000000000000000000000000
-0.011546803924987524000000000000000000000000 -0.010776066174231708000000000000000000000000 -0.081913333413274808000000000000000000000000 -0.081913336076804746000000000000000000000000 -0.081913351199598361000000000000000000000000 -0.081913331738702744000000000000000000000000 -0.081913427367627384000000000000000000000000 -0.081913334553267214000000000000000000000000 -0.081913336097966832000000000000000000000000 -0.081913374905672159000000000000000000000000 -0.081913335928593137000000000000000000000000 -0.081913340474836407000000000000000000000000 -0.0819133415658648000000000000000000000000 -0.081913336375609547000000000000000000000000 -0.081913335923664149000000000000000000000000 -0.081913336437287682000000000000000000000000 -0.081913339089454876000000000000000000000000 -0.081913338412371361000000000000000000000000 -0.081913338364626082000000000000000000000000 -0.08191333941232766000000000000000000000000 -0.081913341891382038000000000000000000000000 -0.081913333259634083000000000000000000000000 -0.081913349388578596000000000000000000000000 0.91808665753873619000000000000000000000000 -0.083423145249373401000000000000000000000000 -0.07666467606678086000000000000000000000000 -0.070926372248451011000000000000000000000000 -0.079284053253034004000000000000000000000000 -0.024413300972575713000000000000000000000000 0.01103852409305618000000000000000000000000 -0.52277272167455802000000000000000000000000 -0.67671367991541898000000000000000000000000 -0.040941112487967252000000000000000000000000 -0.038530676101592408000000000000000000000000 -0.023781422020165473000000000000000000000000 -0.019779359464398204000000000000000000000000 -0.011503000750226063000000000000000000000000 -0.010877955551051371000000000000000000000000 / -0.75761809658380941000000000000000000000000
0.0071713718258598885000000000000000000000000 -0.049872751304417096000000000000000000000000 -0.3555968178978709000000000000000000000000 -0.3555968223609795000000000000000000000000 -0.35559684770307531000000000000000000000000 -0.35559681509197427000000000000000000000000 -0.35559697538579205000000000000000000000000 -0.35559681980807711000000000000000000000000 -0.35559682239646073000000000000000000000000 -0.3555968874344187000000000000000000000000 -0.35559682211258364000000000000000000000000 -0.35559682973071322000000000000000000000000 -0.35559683155896654000000000000000000000000 -0.35559682286166672000000000000000000000000 -0.35559682210440247000000000000000000000000 -0.35559682296501283000000000000000000000000 -0.35559682740922877000000000000000000000000 -0.35559682627462225000000000000000000000000 -0.35559682619461619000000000000000000000000 -0.35559682795025571000000000000000000000000 -0.35559683210446691000000000000000000000000 -0.35559681764040957000000000000000000000000 -0.35559684466811309000000000000000000000000 -0.35559683305932849000000000000000000000000 0.83880215205537101000000000000000000000000 0.2528184930857621000000000000000000000000 0.57678570522104478000000000000000000000000 0.86717263990193272000000000000000000000000 0.52887126212424174000000000000000000000000 0.34551429252530536000000000000000000000000 -0.15348334624550602000000000000000000000000 -0.3619003329203116000000000000000000000000 -0.058170998691421102000000000000000000000000 -0.19485730880380189000000000000000000000000 0.10163811533226677000000000000000000000000 -0.016106930372664818000000000000000000000000 -0.014589901271321063000000000000000000000000 0.0045285767269921491000000000000000000000000 / -0.4432303050211131000000000000000000000000
-2.2137591162740974000000000000000000000000e-005 -0.01688600225371659000000000000000000000000 -0.15699694099393349000000000000000000000000 -0.15699694354619526000000000000000000000000 -0.15699695803780098000000000000000000000000 -0.15699693938933534000000000000000000000000 -0.15699703104014334000000000000000000000000 -0.15699694208629955000000000000000000000000 -0.15699694356648181000000000000000000000000 -0.1569969807562048000000000000000000000000 -0.15699694340416195000000000000000000000000 -0.1569969477605761000000000000000000000000 -0.156996948806056000000000000000000000000 -0.15699694383251939000000000000000000000000 -0.15699694339946116000000000000000000000000 -0.15699694389161675000000000000000000000000 -0.15699694643304296000000000000000000000000 -0.1569969457842236000000000000000000000000 -0.15699694573847212000000000000000000000000 -0.15699694674242745000000000000000000000000 -0.15699694911798714000000000000000000000000 -0.15699694084670388000000000000000000000000 -0.15699695630232471000000000000000000000000 -0.1569969496640371000000000000000000000000 -0.10112399499653379000000000000000000000000 0.88753942246966744000000000000000000000000 0.086009809380071564000000000000000000000000 0.12355783066465341000000000000000000000000 0.073706393777436222000000000000000000000000 0.035102671710659054000000000000000000000000 -0.48825529030370513000000000000000000000000 -0.66281461123140051000000000000000000000000 -0.043158409210119472000000000000000000000000 -0.080254689467900514000000000000000000000000 0.02008096604778483000000000000000000000000 -0.013335303519803466000000000000000000000000 -0.0064557509552461891000000000000000000000000 -0.0017703990122392987000000000000000000000000 / -0.74391801540000502000000000000000000000000
-0.042946546410662687000000000000000000000000 -0.023570227736147146000000000000000000000000 -0.17363871755416327000000000000000000000000 -0.17363871726684296000000000000000000000000 -0.17363871563546543000000000000000000000000 -0.17363871773482353000000000000000000000000 -0.17363870741703788000000000000000000000000 -0.17363871743118886000000000000000000000000 -0.17363871726456606000000000000000000000000 -0.17363871307791781000000000000000000000000 -0.17363871728280908000000000000000000000000 -0.17363871679241466000000000000000000000000 -0.17363871667471961000000000000000000000000 -0.17363871723460375000000000000000000000000 -0.17363871728337407000000000000000000000000 -0.17363871722795327000000000000000000000000 -0.17363871694186664000000000000000000000000 -0.17363871701489894000000000000000000000000 -0.17363871702004699000000000000000000000000 -0.17363871690702687000000000000000000000000 -0.17363871663961114000000000000000000000000 -0.17363871757073265000000000000000000000000 -0.17363871583083773000000000000000000000000 -0.17363871657811819000000000000000000000000 -0.1021310113111305000000000000000000000000 0.0013764323596843692000000000000000000000000 0.74367335103038357000000000000000000000000 0.36813394561751567000000000000000000000000 0.28502780662227323000000000000000000000000 0.21903117491032237000000000000000000000000 -0.29991143130270076000000000000000000000000 -0.4810414844059982000000000000000000000000 0.0088254200637372538000000000000000000000000 -0.048476225544920371000000000000000000000000 0.0014272901660008371000000000000000000000000 -0.00028534810918969813000000000000000000000000 -0.047836400428635205000000000000000000000000 -0.015506553142413206000000000000000000000000 / -0.56219439090774981000000000000000000000000
-0.011236401621460931000000000000000000000000 -0.00090688326624962427000000000000000000000000 -0.09169609016072737000000000000000000000000 -0.091696100532174432000000000000000000000000 -0.091696159417730891000000000000000000000000 -0.091696083640134471000000000000000000000000 -0.091696455984975292000000000000000000000000 -0.091696094599733241000000000000000000000000 -0.091696100614589354000000000000000000000000 -0.091696251722735198000000000000000000000000 -0.09169609995507122000000000000000000000000 -0.091696117657478177000000000000000000000000 -0.091696121905767591000000000000000000000000 -0.091696101695689938000000000000000000000000 -0.091696099935884817000000000000000000000000 -0.091696101935842003000000000000000000000000 -0.091696112263021129000000000000000000000000 -0.091696109626547118000000000000000000000000 -0.091696109440645462000000000000000000000000 -0.091696113520238237000000000000000000000000 -0.091696123173291816000000000000000000000000 -0.091696089562475866000000000000000000000000 -0.09169615236600713000000000000000000000000 -0.091696125392205757000000000000000000000000 -0.09661688536913085000000000000000000000000 -0.060721482183193488000000000000000000000000 -0.01583965655400358000000000000000000000000 0.74917764334363535000000000000000000000000 0.22392398844193334000000000000000000000000 0.14110564182405125000000000000000000000000 -0.37777820981052657000000000000000000000000 -0.57094384079920613000000000000000000000000 -0.084049705093902111000000000000000000000000 -0.066669563534799359000000000000000000000000 -0.043809545039055049000000000000000000000000 -0.035447425034368277000000000000000000000000 -0.0078167947701179019000000000000000000000000 -0.0082283721870505394000000000000000000000000 / -0.65228763990533123000000000000000000000000
0.0059490944214703528000000000000000000000000 0.009021045348621623000000000000000000000000 0.11159330991966292000000000000000000000000 0.11159332060942534000000000000000000000000 0.11159338130447807000000000000000000000000 0.11159330319901863000000000000000000000000 0.11159368704239651000000000000000000000000 0.11159331449489632000000000000000000000000 0.1115933206943653000000000000000000000000 0.11159347645354091000000000000000000000000 0.11159332001458752000000000000000000000000 0.11159333826058687000000000000000000000000 0.1115933426393752000000000000000000000000 0.11159332180865002000000000000000000000000 0.11159331999483625000000000000000000000000 0.11159332205617326000000000000000000000000 0.1115933327004433000000000000000000000000 0.1115933299830096000000000000000000000000 0.11159332979139924000000000000000000000000 0.11159333399627852000000000000000000000000 0.11159334394584176000000000000000000000000 0.11159330930304485000000000000000000000000 0.11159337403586625000000000000000000000000 0.11159334623291157000000000000000000000000 0.05558657316273679000000000000000000000000 0.013655185716124008000000000000000000000000 -0.021460188773821161000000000000000000000000 -0.1266073639178015000000000000000000000000 3.8510785030434285000000000000000000000000 -1.0286178184314605000000000000000000000000 -0.96411754555245266000000000000000000000000 -1.1121605027425148000000000000000000000000 0.014185917495802454000000000000000000000000 0.0327175039666023000000000000000000000000 -0.0087702410295284004000000000000000000000000 0.01803896551530141000000000000000000000000 0.0084872797162037928000000000000000000000000 0.0032464689766902237000000000000000000000000 / -1.2370119199157585000000000000000000000000
-0.16917820374906392000000000000000000000000 -0.15710979683124254000000000000000000000000 -1.6177851618705368000000000000000000000000 -1.6177852511599791000000000000000000000000 -1.6177857581212971000000000000000000000000 -1.6177851057338637000000000000000000000000 -1.6177883115089449000000000000000000000000 -1.6177852000865744000000000000000000000000 -1.6177852518694407000000000000000000000000 -1.6177865528209598000000000000000000000000 -1.6177852461916014000000000000000000000000 -1.6177853985951733000000000000000000000000 -1.6177854351696761000000000000000000000000 -1.6177852611768655000000000000000000000000 -1.6177852460263848000000000000000000000000 -1.6177852632443877000000000000000000000000 -1.6177853521530383000000000000000000000000 -1.6177853294551436000000000000000000000000 -1.6177853278546941000000000000000000000000 -1.61778536297675000000000000000000000000 -1.6177854460820977000000000000000000000000 -1.6177851567200499000000000000000000000000 -1.6177856974105655000000000000000000000000 -1.6177854651852597000000000000000000000000 -1.6758386087327091000000000000000000000000 -1.7424231890568964000000000000000000000000 -1.4192274270747767000000000000000000000000 -1.9211832203036947000000000000000000000000 -9.8720811569854341000000000000000000000000 7.468621938583313000000000000000000000000 2.0432072037260087000000000000000000000000 2.6202946293923755000000000000000000000000 -0.71232416752459971000000000000000000000000 -0.63962971939689084000000000000000000000000 -0.41255025874690104000000000000000000000000 -0.31198149054410262000000000000000000000000 -0.16376238597034928000000000000000000000000 -0.17087471245622146000000000000000000000000 / 2.3200707695133911000000000000000000000000
-0.031691561498461418000000000000000000000000 -0.025661415662753713000000000000000000000000 -0.29371465404052705000000000000000000000000 -0.29371468513214449000000000000000000000000 -0.29371486166122357000000000000000000000000 -0.29371463449306473000000000000000000000000 -0.2937157507580338000000000000000000000000 -0.29371466734779278000000000000000000000000 -0.29371468537918899000000000000000000000000 -0.29371513838122304000000000000000000000000 -0.29371468340209134000000000000000000000000 -0.29371473647069074000000000000000000000000 -0.29371474920632684000000000000000000000000 -0.29371468862013878000000000000000000000000 -0.29371468334457035000000000000000000000000 -0.29371468934006079000000000000000000000000 -0.29371472029905471000000000000000000000000 -0.2937147123953962000000000000000000000000 -0.29371471183809222000000000000000000000000 -0.2937147240679836000000000000000000000000 -0.29371475300614336000000000000000000000000 -0.29371465224707044000000000000000000000000 -0.29371484052118901000000000000000000000000 -0.29371475965805793000000000000000000000000 -0.32006808239033857000000000000000000000000 -0.34544672218085015000000000000000000000000 -0.2596368321003254000000000000000000000000 -0.32618183108512461000000000000000000000000 -2.6235526356528363000000000000000000000000 -5.2228423402135356000000000000000000000000 4.4612786894224321000000000000000000000000 1.8686552447300899000000000000000000000000 -0.1599799644998085000000000000000000000000 -0.14905615485705642000000000000000000000000 -0.086345371566132464000000000000000000000000 -0.061875716844334787000000000000000000000000 -0.029576730680017517000000000000000000000000 -0.030465462676440784000000000000000000000000 / 1.9943169406225807000000000000000000000000
-0.00029723045704485135000000000000000000000000 -0.00027805998759245409000000000000000000000000 -0.0021222759248840663000000000000000000000000 -0.0021222758897575687000000000000000000000000 -0.002122275690314914000000000000000000000000 -0.0021222759469680316000000000000000000000000 -0.0021222746856878125000000000000000000000000 -0.0021222759098499431000000000000000000000000 -0.0021222758894784929000000000000000000000000 -0.0021222753776599193000000000000000000000000 -0.0021222758917123158000000000000000000000000 -0.0021222758317561564000000000000000000000000 -0.0021222758173675043000000000000000000000000 -0.0021222758858169123000000000000000000000000 -0.002122275891777211000000000000000000000000 -0.0021222758850036653000000000000000000000000 -0.0021222758500267043000000000000000000000000 -0.0021222758589561175000000000000000000000000 -0.002122275859585669000000000000000000000000 -0.0021222758457685948000000000000000000000000 -0.0021222758130743846000000000000000000000000 -0.002122275926910314000000000000000000000000 -0.0021222757141993133000000000000000000000000 -0.0021222758055592086000000000000000000000000 -0.0025093282520686458000000000000000000000000 -0.00284405478070371000000000000000000000000 -0.0021381299848435968000000000000000000000000 -0.0037841707603295848000000000000000000000000 -0.0019852867001690228000000000000000000000000 -0.003609704493356044000000000000000000000000 -0.041592420556681879000000000000000000000000 0.95087414208515264000000000000000000000000 -0.001122290483428082000000000000000000000000 -0.00098512650639719806000000000000000000000000 -0.00068876994280722551000000000000000000000000 -0.00051241777667234323000000000000000000000000 -0.00029004024313553507000000000000000000000000 -0.00029290709079225351000000000000000000000000 / -0.047892977919654002000000000000000000000000
/
